131 2 11 2.9
131 2 11 2.9
131 2 12 2.9
131 2 12 2.9
131 2 13 2.9
131 2 13 2.9
131 2 14 2.9
131 2 15 2.9
131 2 18 2.9
131 2 19 2.9
131 2 19 2.9
131 2 18 2.9
131 2 15 2.9
131 2 15 2.9
131 2 15 2.9
131 2 14 2.9
131 2 13 2.9
131 2 13 2.9
131 2 12 2.9
131 2 11 2.9
131 2 9 2.9
131 2 9 2.9
131 2 8.5 2.9
131 2 8 2.9
131 2 8 2.9
131 2 7.5 2.9
131 2 7 2.9
131 2 7 2.9
131 2 7 2.9
131 2 6 2.9
131 2 5 2.9
131 2 5 2.9
131 2 5 2.9
131 2 4.5 2.9
131 2 4.5 2.9
131 2 4 2.9
131 2 4 2.9
131 2 4 2.9
131 2 3.5 2.9
131 2 3 2.9
131 2 3 2.9
131 1 3 2.9
131 1 2 2.9
131 1 2 2.9
131 1 2 2.9
131 1 2 2.9
131 1 2 2.9
131 1 1 2.9
131 1 1 2.9
131 1 1 2.9
131 2 11 2.9
131 2 11 2.9
131 2 12 2.9
131 2 12 2.9
131 2 13 2.9
131 2 14 2.9
131 2 15 2.9
131 2 16 2.9
131 2 18 2.9
131 2 19 2.9
131 2 19 2.9
131 2 18 2.9
131 2 16 2.9
131 2 15 2.9
131 2 15 2.9
131 2 14 2.9
131 2 13 2.9
131 2 13 2.9
131 2 12 2.9
131 2 11 2.9
131 2 9 2.9
131 2 9 2.9
131 2 8.5 2.9
131 2 8 2.9
131 2 8 2.9
131 2 7.5 2.9
131 2 7 2.9
131 2 7 2.9
131 2 7 2.9
131 2 6 2.9
131 2 5 2.9
131 2 5 2.9
131 2 5 2.9
131 2 4.5 2.9
131 2 4.5 2.9
131 2 4 2.9
131 2 4 2.9
131 2 4 2.9
131 2 3.5 2.9
131 2 3 2.9
131 2 3 2.9
131 2 3 2.9
131 1 2 2.9
131 1 2 2.9
131 1 2 2.9
131 1 2 2.9
131 1 2 2.9
131 1 1 2.9
131 1 1 2.9
131 1 1 2.9
131 2 12 2.9
131 2 13 2.9
131 2 14 2.9
131 2 15 2.9
131 2 15 2.9
131 2 16 2.9
131 2 17 2.9
131 2 18 2.9
131 2 19 2.9
131 2 20 2.9
131 2 19 2.9
131 2 18 2.9
131 2 17 2.9
131 2 16 2.9
131 2 16 2.9
131 2 15 2.9
131 2 14 2.9
131 2 13 2.9
131 2 12 2.9
131 2 11 2.9
131 2 9 2.9
131 2 9 2.9
131 2 8.5 2.9
131 2 8 2.9
131 2 8 2.9
131 2 7.5 2.9
131 2 7 2.9
131 2 7 2.9
131 2 7 2.9
131 2 6 2.9
131 2 5 2.9
131 2 5 2.9
131 2 5 2.9
131 2 4.5 2.9
131 2 4.5 2.9
131 2 4 2.9
131 2 4 2.9
131 2 4 2.9
131 2 3.5 2.9
131 2 3 2.9
131 2 3 2.9
131 2 3 2.9
131 2 2 2.9
131 2 2 2.9
131 1 2 2.9
131 1 2 2.9
131 1 2 2.9
131 1 1 2.9
131 1 1 2.9
131 1 1 2.9
131 2 12 2.9
131 2 13 2.9
131 2 14 2.9
131 2 15 2.9
131 2 16 2.9
131 2 16 2.9
131 2 17 2.9
131 2 18 2.9
131 2 19 2.9
131 2 20 2.9
131 2 19 2.9
131 2 18 2.9
131 2 17 2.9
131 2 17 2.9
131 2 16 2.9
131 2 16 2.9
131 2 16 2.9
131 2 15 2.9
131 2 14 2.9
131 2 13 2.9
131 2 12 2.9
131 2 10 2.9
131 2 9 2.9
131 2 8 2.9
131 2 8 2.9
131 2 7.5 2.9
131 2 7 2.9
131 2 7 2.9
131 2 7 2.9
131 2 6 2.9
131 2 5 2.9
131 2 5 2.9
131 2 5 2.9
131 2 4.5 2.9
131 2 4.5 2.9
131 2 4 2.9
131 2 4 2.9
131 2 4 2.9
131 2 3.5 2.9
131 2 3 2.9
131 2 3 2.9
131 2 3 2.9
131 2 2 2.9
131 2 2 2.9
131 2 2 2.9
131 1 2 2.9
131 1 2 2.9
131 1 1 2.9
131 1 1 2.9
131 1 0 2.9
131 2 14 2.9
131 2 15 2.9
131 2 15.5 2.9
131 2 15.8 2.9
131 2 16 2.9
131 2 16 2.9
131 2 17 2.9
131 2 18 2.9
131 2 19 2.9
131 2 20 2.9
131 2 19 2.9
131 2 18 2.9
131 2 17 2.9
131 2 17 2.9
131 2 16 2.9
131 2 16 2.9
131 2 16 2.9
131 2 15.5 2.9
131 2 15.4 2.9
131 2 14 2.9
131 2 14 2.9
131 2 12 2.9
131 2 11 2.9
131 2 9 2.9
131 2 9 2.9
131 2 8.5 2.9
131 2 8 2.9
131 2 7 2.9
131 2 7 2.9
131 2 6 2.9
131 2 6 2.9
131 2 5 2.9
131 2 5 2.9
131 2 4.5 2.9
131 2 4.5 2.9
131 2 4 2.9
131 2 4 2.9
131 2 3 2.9
131 2 3.5 2.9
131 2 3 2.9
131 2 2 2.9
131 2 2 2.9
131 2 1 2.9
131 2 1 2.9
131 2 1 2.9
131 1 1 2.9
131 1 1 2.9
131 1 0 2.9
131 1 0 2.9
131 1 0 2.9
131 2 15 2.9
131 2 15.3 2.9
131 2 15.5 2.9
131 2 15.8 2.9
131 2 16 2.9
131 2 16 2.9
131 2 17 2.9
131 2 18 2.9
131 2 19 2.9
131 2 20 2.9
131 2 19 2.9
131 2 18 2.9
131 2 17 2.9
131 2 17 2.9
131 2 16 2.9
131 2 16 2.9
131 2 16 2.9
131 2 15.5 2.9
131 2 15 2.9
131 2 14 2.9
131 2 14 2.9
131 2 12 2.9
131 2 11 2.9
131 2 9 2.9
131 2 9 2.9
131 2 8.5 2.9
131 2 8 2.9
131 2 7 2.9
131 2 7 2.9
131 2 6 2.9
131 2 6 2.9
131 2 5 2.9
131 2 5 2.9
131 2 4.5 2.9
131 2 4.5 2.9
131 2 4 2.9
131 2 4 2.9
131 2 3 2.9
131 2 3.5 2.9
131 2 3 2.9
131 2 2 2.9
131 2 2 2.9
131 2 1 2.9
131 2 1 2.9
131 2 1 2.9
131 2 1 2.9
131 1 1 2.9
131 1 0 2.9
131 1 0 2.9
131 1 0 2.9
131 2 15.2 2.9
131 2 15.3 2.9
131 2 15.5 2.9
131 2 15.8 2.9
131 2 16 2.9
131 2 16 2.9
131 2 17 2.9
131 2 18 2.9
131 2 19 2.9
131 2 20 2.9
131 2 19 2.9
131 2 18 2.9
131 2 17 2.9
131 2 17 2.9
131 2 16 2.9
131 2 16 2.9
131 2 16 2.9
131 2 15.5 2.9
131 2 15.2 2.9
131 2 15 2.9
131 2 14 2.9
131 2 12 2.9
131 2 11 2.9
131 2 9 2.9
131 2 9 2.9
131 2 8.5 2.9
131 2 8 2.9
131 2 7 2.9
131 2 7 2.9
131 2 6 2.9
131 2 6 2.9
131 2 5 2.9
131 2 5 2.9
131 2 4.5 2.9
131 2 4.5 2.9
131 2 4 2.9
131 2 4 2.9
131 2 3 2.9
131 2 3.5 2.9
131 2 3 2.9
131 2 2 2.9
131 2 2 2.9
131 2 1 2.9
131 2 1 2.9
131 2 1 2.9
131 2 1 2.9
131 2 1 2.9
131 1 0 2.9
131 1 0 2.9
131 1 0 2.9
131 2 15.2 2.9
131 2 15.3 2.9
131 2 15.5 2.9
131 2 15.8 2.9
131 2 16 2.9
131 2 16 2.9
131 2 17 2.9
131 2 18 2.9
131 2 19 2.9
131 2 20 2.9
131 2 19 2.9
131 2 18 2.9
131 2 17 2.9
131 2 17 2.9
131 2 16 2.9
131 2 16 2.9
131 2 16 2.9
131 2 15.5 2.9
131 2 15.2 2.9
131 2 15 2.9
131 2 14 2.9
131 2 12 2.9
131 2 11 2.9
131 2 9 2.9
131 2 9 2.9
131 2 8.5 2.9
131 2 8 2.9
131 1 7 2.9
131 1 7 2.9
131 1 6 2.9
131 0 6 2.9
131 0 5 2.9
131 0 5 2.9
131 1 4.5 2.9
131 1 4.5 2.9
131 1 4 2.9
131 2 4 2.9
131 2 3 2.9
131 2 3.5 2.9
131 2 3 2.9
131 2 2 2.9
131 2 2 2.9
131 2 1 2.9
131 2 1 2.9
131 2 1 2.9
131 2 1 2.9
131 2 1 2.9
131 2 0 2.9
131 2 0 2.9
131 1 0 2.9
131 2 15.5 2.9
131 2 15.6 2.9
131 2 15.8 2.9
131 2 16 2.9
131 2 16 2.9
131 2 16 2.9
131 2 17 2.9
131 2 18 2.9
131 2 19 2.9
131 2 20 2.9
131 2 19 2.9
131 2 18 2.9
131 2 17 2.9
131 2 17 2.9
131 2 16.8 2.9
131 2 16 2.9
131 2 16 2.9
131 2 15.8 2.9
131 2 15.5 2.9
131 2 15.3 2.9
131 2 14 2.9
131 2 12 2.9
131 2 11 2.9
131 2 9 2.9
131 1 8 2.9
131 1 8 2.9
131 1 7.5 2.9
131 1 7 2.9
131 0 7 2.9
131 0 6 2.9
131 0 6 2.9
131 0 5 2.9
131 0 5 2.9
131 1 4.5 2.9
131 1 4.5 2.9
131 1 4 2.9
131 1 4 2.9
131 1 3 2.9
131 1 3.5 2.9
131 2 3 2.9
131 2 2 2.9
131 2 2 2.9
131 2 1 2.9
131 2 1 2.9
131 2 1 2.9
131 2 1 2.9
131 2 1 2.9
131 2 0 2.9
131 2 0 2.9
131 2 0 2.9
131 2 16 2.9
131 2 17 2.9
131 2 17.6 2.9
131 2 18 2.9
131 2 19 2.9
131 2 20 2.9
131 2 20.5 2.9
131 2 21 2.9
131 2 22 2.9
131 2 23 2.9
131 2 22 2.9
131 2 21 2.9
131 2 20 2.9
131 2 19 2.9
131 2 19.8 2.9
131 2 18 2.9
131 2 17.6 2.9
131 2 17.8 2.9
131 2 16.5 2.9
131 2 15.8 2.9
131 2 15.5 2.9
131 2 15 2.9
131 2 13 2.9
131 2 12 2.9
131 1 10 2.9
131 1 8 2.9
131 1 7.5 2.9
131 1 7 2.9
131 0 7 2.9
131 0 6 2.9
131 0 6 2.9
131 0 5 2.9
131 0 5 2.9
131 0 4.5 2.9
131 0 4.5 2.9
131 0 4 2.9
131 0 4 2.9
131 0 3 2.9
131 1 3.5 2.9
131 1 3 2.9
131 1 2 2.9
131 1 2 2.9
131 2 1 2.9
131 2 1 2.9
131 2 1 2.9
131 2 1 2.9
131 2 1 2.9
131 2 0 2.9
131 2 0 2.9
131 2 0 2.9
131 2 16 2.9
131 2 17 2.9
131 2 17.6 2.9
131 2 18 2.9
131 2 19 2.9
131 2 20 2.9
131 2 20.5 2.9
131 2 21 2.9
131 2 22 2.9
131 2 23 2.9
131 2 22 2.9
131 2 21 2.9
131 2 20 2.9
131 2 19 2.9
131 2 19.8 2.9
131 2 18 2.9
131 2 17.6 2.9
131 2 17.8 2.9
131 2 16.5 2.9
131 2 15.8 2.9
131 2 15.5 2.9
131 2 15 2.9
131 2 13 2.9
131 2 12 2.9
131 2 10 2.9
131 2 8 2.9
131 2 7.5 2.9
131 1 7 2.9
131 1 7 2.9
131 1 6 2.9
131 1 6 2.9
131 1 5 2.9
131 0 5 2.9
131 0 4.5 2.9
131 0 4.5 2.9
131 0 4 2.9
131 0 4 2.9
131 0 3 2.9
131 1 3.5 2.9
131 1 3 2.9
131 1 2 2.9
131 1 2 2.9
131 2 1 2.9
131 2 1 2.9
131 2 1 2.9
131 2 1 2.9
131 2 1 2.9
131 2 0 2.9
131 2 0 2.9
131 2 0 2.9
131 2 15 2.9
131 2 16 2.9
131 2 17.6 2.9
131 2 18 2.9
131 2 19 2.9
131 2 20 2.9
131 2 20.5 2.9
131 2 21 2.9
131 2 22 2.9
131 2 23 2.9
131 2 22 2.9
131 2 21 2.9
131 2 20 2.9
131 2 19 2.9
131 2 19.8 2.9
131 2 18 2.9
131 2 17.6 2.9
131 2 17 2.9
131 2 16 2.9
131 2 15.2 2.9
131 2 15 2.9
131 2 14 2.9
131 2 13 2.9
131 2 12 2.9
131 2 10 2.9
131 2 8 2.9
131 2 7.5 2.9
131 2 7 2.9
131 2 7 2.9
131 2 6 2.9
131 2 6 2.9
131 2 5 2.9
131 2 5 2.9
131 2 4.5 2.9
131 2 4.5 2.9
131 2 4 2.9
131 2 4 2.9
131 2 3 2.9
131 1 3.5 2.9
131 1 3 2.9
131 0 2 2.9
131 1 2 2.9
131 2 1 2.9
131 2 1 2.9
131 2 1 2.9
131 2 1 2.9
131 2 1 2.9
131 2 0 2.9
131 2 0 2.9
131 2 0 2.9
131 2 14 2.9
131 2 15 2.9
131 2 16 2.9
131 2 17 2.9
131 2 18 2.9
131 2 19 2.9
131 2 20 2.9
131 2 21 2.9
131 2 22 2.9
131 2 23 2.9
131 2 22 2.9
131 2 21 2.9
131 2 20.5 2.9
131 2 19 2.9
131 2 19.8 2.9
131 2 18 2.9
131 2 17.6 2.9
131 2 16 2.9
131 2 15.5 2.9
131 2 15 2.9
131 2 14 2.9
131 2 13 2.9
131 2 12 2.9
131 2 11 2.9
131 2 10 2.9
131 2 8 2.9
131 2 7 2.9
131 2 7 2.9
131 2 6 2.9
131 2 6 2.9
131 2 6.5 2.9
131 2 5 2.9
131 2 5 2.9
131 2 4.5 2.9
131 2 4.5 2.9
131 2 4 2.9
131 2 4 2.9
131 2 3 2.9
131 1 3.5 2.9
131 1 3 2.9
131 0 2 2.9
131 1 2 2.9
131 2 1 2.9
131 2 1 2.9
131 2 1 2.9
131 2 1 2.9
131 2 1 2.9
131 2 0 2.9
131 2 0 2.9
131 2 0 2.9
131 2 14 2.9
131 2 15 2.9
131 2 16 2.9
131 2 17 2.9
131 2 18 2.9
131 2 19 2.9
131 2 20 2.9
131 2 21 2.9
131 2 22 2.9
131 2 23 2.9
131 2 22 2.9
131 2 21 2.9
131 2 20.5 2.9
131 2 19 2.9
131 2 19.8 2.9
131 2 18 2.9
131 2 17.6 2.9
131 2 16 2.9
131 2 15 2.9
131 2 15 2.9
131 2 14 2.9
131 2 13 2.9
131 2 12 2.9
131 2 11 2.9
131 2 10 2.9
131 2 8 2.9
131 2 7 2.9
131 2 7 2.9
131 2 6 2.9
131 2 6 2.9
131 2 6.5 2.9
131 2 5 2.9
131 2 5 2.9
131 2 4.5 2.9
131 2 4.5 2.9
131 2 4 2.9
131 2 4 2.9
131 2 3 2.9
131 2 3.5 2.9
131 2 3 2.9
131 1 2 2.9
131 1 2 2.9
131 2 1 2.9
131 2 1 2.9
131 2 1 2.9
131 2 1 2.9
131 2 1 2.9
131 2 0 2.9
131 2 0 2.9
131 2 13 2.9
131 2 14 2.9
131 2 14.5 2.9
131 2 15 2.9
131 2 16 2.9
131 2 16.5 2.9
131 2 17 2.9
131 2 18 2.9
131 2 19 2.9
131 2 20 2.9
131 2 19 2.9
131 2 18 2.9
131 2 18.8 2.9
131 2 18.5 2.9
131 2 17.8 2.9
131 2 17 2.9
131 2 16.6 2.9
131 2 16 2.9
131 2 15 2.9
131 2 15 2.9
131 2 14 2.9
131 2 13 2.9
131 2 12 2.9
131 2 11 2.9
131 2 10 2.9
131 2 8 2.9
131 2 7 2.9
131 2 7 2.9
131 2 6 2.9
131 2 6 2.9
131 2 6.5 2.9
131 2 5 2.9
131 2 5 2.9
131 2 4.5 2.9
131 2 4.5 2.9
131 2 4 2.9
131 2 4 2.9
131 2 3 2.9
131 2 3.5 2.9
131 2 3 2.9
131 1 2 2.9
131 1 2 2.9
131 1 1 2.9
131 1 1 2.9
131 1 1 2.9
131 1 1 2.9
131 2 1 2.9
131 2 0 2.9
131 2 0 2.9
131 2 0 2.9
131 2 13 2.9
131 2 14 2.9
131 2 14.5 2.9
131 2 15 2.9
131 2 16 2.9
131 2 16.5 2.9
131 2 17 2.9
131 2 18 2.9
131 2 19 2.9
131 2 20 2.9
131 2 19 2.9
131 2 18 2.9
131 2 18.8 2.9
131 2 18.5 2.9
131 2 17.8 2.9
131 2 17 2.9
131 2 16 2.9
131 2 15 2.9
131 2 15 2.9
131 2 14.5 2.9
131 2 14 2.9
131 2 13 2.9
131 2 12 2.9
131 2 11 2.9
131 2 10 2.9
131 2 8 2.9
131 2 7 2.9
131 2 7 2.9
131 2 6 2.9
131 2 6 2.9
131 2 6.5 2.9
131 2 5 2.9
131 2 5 2.9
131 2 4.5 2.9
131 2 4.5 2.9
131 2 4 2.9
131 2 4 2.9
131 2 3 2.9
131 2 3.5 2.9
131 2 3 2.9
131 1 2 2.9
131 1 2 2.9
131 1 1 2.9
131 1 1 2.9
131 1 1 2.9
131 1 1 2.9
131 2 1 2.9
131 2 0 2.9
131 2 0 2.9
131 2 0 2.9
131 2 12 2.9
131 2 13 2.9
131 2 14.5 2.9
131 2 14.5 2.9
131 2 15 2.9
131 2 16 2.9
131 2 17 2.9
131 2 18 2.9
131 2 19 2.9
131 2 20 2.9
131 2 19 2.9
131 2 18 2.9
131 2 18.8 2.9
131 2 18.5 2.9
131 2 17 2.9
131 2 16 2.9
131 2 15 2.9
131 2 14 2.9
131 2 13 2.9
131 2 12.5 2.9
131 2 12 2.9
131 2 11 2.9
131 2 10.5 2.9
131 2 10 2.9
131 2 9 2.9
131 2 8 2.9
131 2 7 2.9
131 2 7 2.9
131 2 6 2.9
131 2 6 2.9
131 2 6.5 2.9
131 2 5 2.9
131 2 5 2.9
131 2 4.5 2.9
131 2 4.5 2.9
131 2 4 2.9
131 2 4 2.9
131 2 3 2.9
131 2 3.5 2.9
131 2 3 2.9
131 1 2 2.9
131 1 2 2.9
131 1 1 2.9
131 1 1 2.9
131 1 1 2.9
131 1 1 2.9
131 2 1 2.9
131 2 0 2.9
131 2 0 2.9
131 2 0 2.9
131 2 12 2.9
131 2 13 2.9
131 2 14.5 2.9
131 2 14.5 2.9
131 2 14.7 2.9
131 2 15 2.9
131 2 16 2.9
131 2 17 2.9
131 2 18 2.9
131 2 19 2.9
131 2 19 2.9
131 2 19 2.9
131 2 18 2.9
131 2 17 2.9
131 2 16 2.9
131 2 15 2.9
131 2 14.5 2.9
131 2 14 2.9
131 2 13 2.9
131 2 12.5 2.9
131 2 12 2.9
131 2 11 2.9
131 2 10.5 2.9
131 2 10 2.9
131 2 9 2.9
131 2 8 2.9
131 2 7 2.9
131 2 7 2.9
131 2 6 2.9
131 2 6 2.9
131 2 6.5 2.9
131 2 5 2.9
131 2 5 2.9
131 2 4.5 2.9
131 2 4.5 2.9
131 2 4 2.9
131 2 4 2.9
131 2 3 2.9
131 2 3.5 2.9
131 2 3 2.9
131 1 2 2.9
131 1 2 2.9
131 1 1 2.9
131 1 1 2.9
131 1 1 2.9
131 1 1 2.9
131 2 1 2.9
131 2 0 2.9
131 2 0 2.9
131 2 0 2.9
131 2 12 2.9
131 2 13 2.9
131 2 14.5 2.9
131 2 14.5 2.9
131 2 14.7 2.9
131 2 15 2.9
131 2 16 2.9
131 2 16 2.9
131 2 16 2.9
131 2 16.5 2.9
131 2 16.5 2.9
131 2 16 2.9
131 2 16 2.9
131 2 15 2.9
131 2 14 2.9
131 2 13 2.9
131 2 12.5 2.9
131 2 11 2.9
131 2 10.5 2.9
131 2 10 2.9
131 2 9 2.9
131 2 9 2.9
131 2 8.8 2.9
131 2 8.5 2.9
131 2 8 2.9
131 2 7.8 2.9
131 2 7.5 2.9
131 2 7 2.9
131 2 6 2.9
131 2 6 2.9
131 2 6.5 2.9
131 2 5 2.9
131 2 5 2.9
131 2 4.5 2.9
131 2 4.5 2.9
131 2 4 2.9
131 2 4 2.9
131 2 3 2.9
131 2 3.5 2.9
131 2 3 2.9
131 1 2 2.9
131 1 2 2.9
131 1 1 2.9
131 1 1 2.9
131 1 1 2.9
131 1 1 2.9
131 2 1 2.9
131 2 0 2.9
131 2 0 2.9
131 2 0 2.9
130 2 11 2.9
130 2 12 2.9
130 2 12 2.9
130 2 12 2.9
130 2 12.7 2.9
130 2 13 2.9
130 2 14 2.9
130 2 14 2.9
130 2 14.5 2.9
130 2 15 2.9
130 2 15 2.9
130 2 14.5 2.9
130 2 14 2.9
130 2 13 2.9
130 2 12.8 2.9
130 2 12.5 2.9
130 2 12 2.9
130 2 11 2.9
130 2 10.5 2.9
130 2 10 2.9
130 2 9 2.9
130 2 9 2.9
130 2 8.8 2.9
130 2 8.5 2.9
130 2 8 2.9
130 2 7.8 2.9
130 2 7.5 2.9
130 2 7 2.9
130 2 6 2.9
130 2 6 2.9
130 2 6.5 2.9
130 2 5 2.9
130 2 5 2.9
130 2 4.5 2.9
130 2 4.5 2.9
130 2 4 2.9
130 2 4 2.9
130 2 3 2.9
130 2 3.5 2.9
130 2 3 2.9
130 1 2 2.9
130 1 2 2.9
130 1 1 2.9
130 1 1 2.9
130 1 1 2.9
130 1 1 2.9
130 2 1 2.9
130 2 0 2.9
130 2 0 2.9
130 2 0 2.9
130 2 11 2.9
130 2 12 2.9
130 2 12 2.9
130 2 12 2.9
130 2 12.7 2.9
130 2 13 2.9
130 2 14 2.9
130 2 14 2.9
130 2 14.5 2.9
130 2 15 2.9
130 2 15 2.9
130 2 14.5 2.9
130 2 14 2.9
130 2 13 2.9
130 2 12.8 2.9
130 2 12.5 2.9
130 2 12 2.9
130 2 11 2.9
130 2 10.5 2.9
130 2 10 2.9
130 2 9 2.9
130 2 9 2.9
130 2 8.5 2.9
130 1 8 2.9
130 1 8 2.9
130 1 7.8 2.9
130 1 7.5 2.9
130 1 7 2.9
130 2 6 2.9
130 2 6 2.9
130 2 6.5 2.9
130 2 5 2.9
130 2 5 2.9
130 2 4.5 2.9
130 2 4.5 2.9
130 2 4 2.9
130 2 4 2.9
130 2 3 2.9
130 2 3.5 2.9
130 2 3 2.9
130 1 2 2.9
130 1 2 2.9
130 1 1 2.9
130 1 1 2.9
130 2 1 2.9
130 2 1 2.9
130 2 1 2.9
130 2 0 2.9
130 2 0 2.9
130 2 0 2.9
130 2 11 2.9
130 2 12 2.9
130 2 12 2.9
130 2 12 2.9
130 2 12.7 2.9
130 2 13 2.9
130 2 14 2.9
130 2 14 2.9
130 2 14.5 2.9
130 2 15 2.9
130 2 15 2.9
130 2 14.5 2.9
130 2 14 2.9
130 2 13 2.9
130 2 12.8 2.9
130 2 12.5 2.9
130 2 12 2.9
130 2 11 2.9
130 2 10.5 2.9
130 2 10 2.9
130 2 9 2.9
130 2 9 2.9
130 1 8 2.9
130 1 8 2.9
130 1 7.8 2.9
130 1 7.5 2.9
130 1 7 2.9
130 1 6.9 2.9
130 2 6.5 2.9
130 2 6.3 2.9
130 2 6 2.9
130 2 5 2.9
130 2 5 2.9
130 2 4.5 2.9
130 2 4.5 2.9
130 2 4 2.9
130 2 4 2.9
130 2 3 2.9
130 2 3.5 2.9
130 2 3 2.9
130 1 2 2.9
130 1 2 2.9
130 1 1 2.9
130 1 1 2.9
130 2 1 2.9
130 2 1 2.9
130 2 1 2.9
130 2 0 2.9
130 2 0 2.9
130 2 0 2.9
130 2 11 2.9
130 2 12 2.9
130 2 12 2.9
130 2 12 2.9
130 2 12.7 2.9
130 2 13 2.9
130 2 14 2.9
130 2 14 2.9
130 2 14.5 2.9
130 2 15 2.9
130 2 15 2.9
130 2 14.5 2.9
130 2 14 2.9
130 2 13 2.9
130 2 12.8 2.9
130 2 12.5 2.9
130 2 12 2.9
130 2 11 2.9
130 2 10.5 2.9
130 2 10 2.9
130 1 8 2.9
130 1 7.9 2.9
130 1 7.8 2.9
130 1 7.7 2.9
130 1 7.5 2.9
130 1 7.3.9
130 1 7.2 2.9
130 1 7 2.9
130 2 6.7 2.9
130 2 6.3 2.9
130 2 6 2.9
130 2 5 2.9
130 2 5 2.9
130 2 4.5 2.9
130 2 4.5 2.9
130 2 4 2.9
130 2 4 2.9
130 2 3 2.9
130 2 3.5 2.9
130 2 3 2.9
130 2 2 2.9
130 2 2 2.9
130 2 1 2.9
130 2 1 2.9
130 2 1 2.9
130 2 1 2.9
130 2 1 2.9
130 2 0 2.9
130 2 0 2.9
130 2 0 2.9
130 2 11 2.9
130 2 12 2.9
130 2 12 2.9
130 2 12 2.9
130 2 12.7 2.9
130 2 13 2.9
130 2 14 2.9
130 2 14 2.9
130 2 14.5 2.9
130 2 15 2.9
130 2 15 2.9
130 2 14.5 2.9
130 2 14 2.9
130 2 13 2.9
130 2 12.8 2.9
130 2 12.5 2.9
130 2 12 2.9
130 2 11 2.9
130 2 10.5 2.9
130 2 10 2.9
130 1 8 2.9
130 1 7.9 2.9
130 1 7.8 2.9
130 1 7.7 2.9
130 1 7.5 2.9
130 1 7.3.9
130 1 7.2 2.9
130 1 7 2.9
130 2 6.7 2.9
130 2 6.3 2.9
130 2 6 2.9
130 2 5 2.9
130 2 5 2.9
130 2 4.5 2.9
130 2 4.5 2.9
130 2 4 2.9
130 2 4 2.9
130 2 3 2.9
130 2 3.5 2.9
130 2 3 2.9
130 2 2 2.9
130 2 2 2.9
130 2 1 2.9
130 2 1 2.9
130 2 1 2.9
130 2 1 2.9
130 2 1 2.9
130 2 0 2.9
130 2 0 2.9
130 2 0 2.9
130 2 11 2.9
130 2 12 2.9
130 2 12 2.9
130 2 12 2.9
130 2 12.7 2.9
130 2 13 2.9
130 2 14 2.9
130 2 14 2.9
130 2 14.5 2.9
130 2 15 2.9
130 2 15 2.9
130 2 14.5 2.9
130 2 14 2.9
130 2 13 2.9
130 2 12.8 2.9
130 2 12.5 2.9
130 2 12 2.9
130 2 11 2.9
130 2 10.5 2.9
130 2 10 2.9
130 1 8 2.9
130 1 7.9 2.9
130 1 7.8 2.9
130 1 7.7 2.9
130 1 7.5 2.9
130 1 7.3.9
130 1 7.2 2.9
130 1 7 2.9
130 1 6.7 2.9
130 1 6.3 2.9
130 2 6 2.9
130 2 5 2.9
130 2 5 2.9
130 2 4.5 2.9
130 2 4.5 2.9
130 2 4 2.9
130 2 4 2.9
130 2 3 2.9
130 2 3.5 2.9
130 2 3 2.9
130 2 2 2.9
130 2 2 2.9
130 2 2 2.9
130 2 2 2.9
130 2 2 2.9
130 2 2 2.9
130 2 2 2.9
130 2 2 2.9
130 2 2 2.9
130 2 2 2.9
130 2 11 2.9
130 2 12 2.9
130 2 12 2.9
130 2 12 2.9
130 2 12.7 2.9
130 2 13 2.9
130 2 14 2.9
130 2 14 2.9
130 2 14.5 2.9
130 2 15 2.9
130 2 15 2.9
130 2 14.5 2.9
130 2 14 2.9
130 2 13 2.9
130 2 12.8 2.9
130 2 12 2.9
130 2 11 2.9
130 2 10 2.9
130 2 9 2.9
130 1 8 2.9
130 1 8 2.9
130 1 7.9 2.9
130 1 7.8 2.9
130 1 7.7 2.9
130 1 7.5 2.9
130 1 7.3.9
130 1 7.2 2.9
130 1 7 2.9
130 1 6.7 2.9
130 1 6.3 2.9
130 1 6 2.9
130 2 5 2.9
130 2 5 2.9
130 2 4.5 2.9
130 2 4.5 2.9
130 2 4 2.9
130 2 4 2.9
130 2 3 2.9
130 2 3.5 2.9
130 2 3 2.9
130 2 2 2.9
130 2 2 2.9
130 2 3 2.9
130 2 3 2.9
130 2 3 2.9
130 2 3 2.9
130 2 3 2.9
130 2 3 2.9
130 2 3 2.9
130 2 3 2.9
130 2 11 2.9
130 2 12 2.9
130 2 12 2.9
130 2 12 2.9
130 2 12.7 2.9
130 2 13 2.9
130 2 14 2.9
130 2 14 2.9
130 2 14.5 2.9
130 2 15 2.9
130 2 15 2.9
130 2 14.5 2.9
130 2 14 2.9
130 2 13 2.9
130 2 12.8 2.9
130 2 12 2.9
130 2 11 2.9
130 2 10 2.9
130 2 9 2.9
130 1 8 2.9
130 1 8 2.9
130 1 7.9 2.9
130 1 7.8 2.9
130 0 7.7 2.9
130 0 7.5 2.9
130 0 7.3.9
130 0 7.2 2.9
130 1 7 2.9
130 1 6.7 2.9
130 1 6.3 2.9
130 1 6 2.9
130 2 5 2.9
130 2 5 2.9
130 2 4.5 2.9
130 2 4.5 2.9
130 2 4 2.9
130 2 4 2.9
130 2 3 2.9
130 2 3.5 2.9
130 2 3 2.9
130 2 2 2.9
130 2 3 2.9
130 2 4 2.9
130 2 4 2.9
130 2 4 2.9
130 2 5 2.9
130 2 4 2.9
130 2 4 2.9
130 2 4 2.9
130 2 4 2.9
130 2 11 2.9
130 2 12 2.9
130 2 12 2.9
130 2 12 2.9
130 2 12.7 2.9
130 2 13 2.9
130 2 12 2.9
130 2 11 2.9
130 2 10 2.9
130 2 14 2.9
130 2 15 2.9
130 2 14.5 2.9
130 2 14 2.9
130 2 13 2.9
130 2 12.8 2.9
130 2 12 2.9
130 2 11 2.9
130 2 10 2.9
130 2 9 2.9
130 1 8 2.9
130 1 8 2.9
130 1 7.9 2.9
130 1 7.8 2.9
130 0 7.7 2.9
130 0 7.5 2.9
130 0 7.3.9
130 0 7.2 2.9
130 1 7 2.9
130 1 6.7 2.9
130 1 6.3 2.9
130 1 6 2.9
130 2 5 2.9
130 2 5 2.9
130 2 4.5 2.9
130 2 4.5 2.9
130 2 4 2.9
130 2 4 2.9
130 2 3 2.9
130 2 3.5 2.9
130 2 3 2.9
130 2 2 2.9
130 2 3 2.9
130 2 6 2.9
130 2 6 2.9
130 2 6 2.9
130 2 7 2.9
130 2 7 2.9
130 2 7 2.9
130 2 6 2.9
130 2 6 2.9
130 2 11 2.9
130 2 12 2.9
130 2 12 2.9
130 2 12 2.9
130 2 11.7 2.9
130 2 10 2.9
130 1 8 2.9
130 1 8 2.9
130 2 10 2.9
130 2 14 2.9
130 2 15 2.9
130 2 14.5 2.9
130 2 14 2.9
130 2 13 2.9
130 2 12.8 2.9
130 2 12 2.9
130 2 11 2.9
130 2 10 2.9
130 2 9 2.9
130 1 8 2.9
130 1 8 2.9
130 1 7.9 2.9
130 1 7.8 2.9
130 0 7.7 2.9
130 0 7.5 2.9
130 0 7.3.9
130 0 7.2 2.9
130 1 7 2.9
130 1 6.7 2.9
130 1 6.3 2.9
130 2 6 2.9
130 2 5 2.9
130 2 5 2.9
130 2 4.5 2.9
130 2 4.5 2.9
130 2 4 2.9
130 2 4 2.9
130 2 3 2.9
130 2 3.5 2.9
130 2 3 2.9
130 2 2 2.9
130 2 3 2.9
130 2 5 2.9
130 2 6 2.9
130 2 7 2.9
130 2 8 2.9
130 2 9 2.9
130 2 15.5 2.9
130 2 16 2.9
130 2 16 2.9
130 2 11 2.9
130 2 12 2.9
130 2 12 2.9
130 2 12 2.9
130 2 11.7 2.9
130 2 10 2.9
130 1 8 2.9
130 1 8 2.9
130 2 10 2.9
130 2 14 2.9
130 2 15 2.9
130 2 14.5 2.9
130 2 14 2.9
130 2 13 2.9
130 2 12.8 2.9
130 2 12 2.9
130 2 11 2.9
130 2 10 2.9
130 2 9 2.9
130 2 8 2.9
130 2 8 2.9
130 2 7.9 2.9
130 2 7.8 2.9
130 2 7.7 2.9
130 1 7.5 2.9
130 1 7.3.9
130 1 7.2 2.9
130 2 7 2.9
130 2 6.7 2.9
130 2 6.3 2.9
130 2 6 2.9
130 2 5 2.9
130 2 5 2.9
130 2 4.5 2.9
130 2 4.5 2.9
130 2 4 2.9
130 2 4 2.9
130 2 3 2.9
130 2 3.5 2.9
130 2 3 2.9
130 2 2 2.9
130 2 3 2.9
130 2 5 2.9
130 2 7 2.9
130 2 8 2.9
130 2 9 2.9
130 2 15.2 2.9
130 2 15.5 2.9
130 2 16 2.9
130 2 17 2.9
130 2 11 3
130 2 12 3
130 2 12 3
130 2 12 3
130 2 11.7 3
130 2 10 3
130 1 8 3
130 1 8 3
130 2 10 3
130 2 14 3
130 2 15 3
130 2 14.5 3
130 2 14 3
130 2 13 3
130 2 12.8 3
130 2 12 3
130 2 11 3
130 2 10 3
130 2 9 3
130 2 8 3
130 2 8 3
130 2 7.9 3
130 2 7.8 3
130 2 7.7 3
130 2 7.5 3
130 2 7.3 3
130 2 7.2 3
130 2 7 3
130 2 6.7 3
130 2 6.3 3
130 2 6 3
130 2 6 3
130 2 7 3
130 2 7.5 3
130 2 8 3
130 2 9 3
130 2 9.5 3
130 2 10 3
130 2 10.5 3
130 2 11 3
130 2 12 3
130 2 13 3
130 2 15 3
130 2 16 3
130 2 17 3
130 2 18 3
130 2 18.2 3
130 2 18.5 3
130 2 19 3
130 2 20 3
130 2 11 3
130 2 12 3
130 2 12 3
130 2 12 3
130 2 11.7 3
130 2 10 3
130 1 8 3
130 1 8 3
130 2 10 3
130 2 14 3
130 2 15 3
130 2 14.5 3
130 2 14 3
130 2 13 3
130 2 12.8 3
130 2 12 3
130 2 11 3
130 2 10 3
130 2 9 3
130 2 8 3
130 2 8 3
130 2 7.9 3
130 2 7.8 3
130 2 7.7 3
130 2 7.5 3
130 2 7.3 3
130 2 7.2 3
130 2 7 3
130 2 6.7 3
130 2 6.3 3
130 2 6 3
130 2 7 3
130 2 8 3
130 2 8.5 3
130 2 9 3
130 2 9.5 3
130 2 10 3
130 2 11 3
130 2 12 3
130 2 13 3
130 2 14 3
130 2 15.5 3
130 2 16 3
130 2 16.5 3
130 2 17 3
130 2 18 3
130 2 18.2 3
130 2 18.5 3
130 2 19 3
130 2 20 3
130 2 11 3
130 2 12 3
130 2 12 3
130 2 12 3
130 2 11.7 3
130 2 10 3
130 1 8 3
130 1 8 3
130 2 10 3
130 2 14 3
130 2 15 3
130 2 14.5 3
130 2 14 3
130 2 13 3
130 2 12.8 3
130 2 12 3
130 2 11 3
130 2 10 3
130 2 9 3
130 2 8 3
130 2 8 3
130 2 7.9 3
130 2 7.8 3
130 2 7.7 3
130 2 7.5 3
130 2 7.3 3
130 2 7.2 3
130 2 7 3
130 2 6.7 3
130 2 6.3 3
130 2 6 3
130 2 7 3
130 2 8 3
130 2 8.5 3
130 2 9 3
130 2 9.5 3
130 2 10 3
130 2 11 3
130 2 12 3
130 2 13 3
130 2 15.5 3
130 2 15.9 3
130 2 16 3
130 2 16.5 3
130 2 17 3
130 2 18 3
130 2 18.2 3
130 2 18.5 3
130 2 19 3
130 2 20 3
130 2 13 3
130 2 12 3
130 2 11 3
130 2 10 3
130 2 9 3
130 1 8 3
130 1 8 3
130 1 8 3
130 2 10 3
130 2 14 3
130 2 15 3
130 2 14.5 3
130 2 14 3
130 2 13 3
130 2 12.8 3
130 2 12 3
130 2 11 3
130 2 10 3
130 2 9 3
130 2 8 3
130 2 8 3
130 2 7.9 3
130 2 7.8 3
130 2 7.7 3
130 2 7.5 3
130 2 7.3 3
130 2 7.2 3
130 2 7 3
130 2 6.7 3
130 2 6.3 3
130 2 6 3
130 2 7 3
130 2 8 3
130 2 8.5 3
130 2 9 3
130 2 9.5 3
130 2 10 3
130 2 11 3
130 2 12 3
130 2 15.2 3
130 2 15.5 3
130 2 15.9 3
130 2 16 3
130 2 16.5 3
130 2 17 3
130 2 18 3
130 2 18.2 3
130 2 18.5 3
130 2 19 3
130 2 20 3
130 2 13 3
130 2 12 3
130 2 11 3
130 2 10 3
130 1 8 3
130 1 8 3
130 1 7 3
130 1 8 3
130 2 10 3
130 2 14 3
130 2 15 3
130 2 14.5 3
130 2 14 3
130 2 13 3
130 2 12.8 3
130 2 12 3
130 2 11 3
130 2 10 3
130 2 9 3
130 2 8 3
130 2 8 3
130 2 7.9 3
130 2 7.8 3
130 2 7.7 3
130 2 7.5 3
130 2 7.3 3
130 2 7.2 3
130 2 7 3
130 2 6.7 3
130 2 6.3 3
130 2 6 3
130 2 7 3
130 2 8 3
130 2 8.5 3
130 2 9 3
130 2 9.5 3
130 2 10 3
130 2 11 3
130 2 15.2 3
130 2 15.5 3
130 2 16 3
130 2 17 3
130 2 18 3
130 2 19 3
130 2 20 3
130 2 19 3
130 2 17 3
130 2 16 3
130 2 15 3
130 2 15 3
130 2 13 3
130 2 12 3
130 2 11 3
130 2 10 3
130 1 8 3
130 1 8 3
130 1 7 3
130 1 8 3
130 2 10 3
130 2 14 3
130 2 15 3
130 2 14.5 3
130 2 14 3
130 2 13 3
130 2 12.8 3
130 2 12 3
130 2 11 3
130 2 10 3
130 2 9 3
130 2 8 3
130 2 8 3
130 2 7.9 3
130 2 7.8 3
130 2 7.7 3
130 2 7.5 3
130 2 7.3 3
130 2 7.2 3
130 2 7 3
130 2 6.7 3
130 2 6.3 3
130 2 6 3
130 2 7 3
130 2 8 3
130 2 8.5 3
130 2 9 3
130 2 9.5 3
130 2 15 3
130 2 16 3
130 2 16.2 3
130 2 16.5 3
130 2 17 3
130 2 17.5 3
130 2 18 3
130 2 19 3
130 2 19 3
130 2 17 3
130 2 16 3
130 2 15 3
130 2 15 3
130 2 14 3
130 2 13 3
130 2 12 3
130 2 11 3
130 2 10 3
130 1 8 3
130 1 8 3
130 1 7 3
130 1 8 3
130 2 10 3
130 2 14 3
130 2 15 3
130 2 14.5 3
130 2 14 3
130 2 13 3
130 2 12.8 3
130 2 12 3
130 2 11 3
130 2 10 3
130 2 9 3
130 2 8 3
130 2 8 3
130 2 7.9 3
130 2 7.8 3
130 2 7.7 3
130 2 7.5 3
130 2 7.3 3
130 2 7.2 3
130 2 7 3
130 2 6.7 3
130 2 6.7 3
130 2 7 3
130 2 8 3
130 2 9 3
130 2 12 3
130 2 13 3
130 2 15.3 3
130 2 15.5 3
130 2 16 3
130 2 16.2 3
130 2 16.5 3
130 2 17 3
130 2 17.5 3
130 2 16 3
130 2 15.5 3
130 2 15 3
130 2 14 3
130 2 13 3
130 2 12 3
130 2 11 3
130 2 10 3
130 2 13 3
130 2 12 3
130 2 11 3
130 2 10 3
130 1 8 3
130 1 8 3
130 1 7 3
130 1 8 3
130 2 10 3
130 2 14 3
130 2 15 3
130 2 14.5 3
130 2 14 3
130 2 13 3
130 2 12.8 3
130 2 12 3
130 2 11 3
130 2 10 3
130 2 9 3
130 2 8 3
130 2 8 3
130 2 7.9 3
130 2 7.8 3
130 2 7.7 3
130 2 7.5 3
130 2 7.3 3
130 2 7.2 3
130 2 7 3
130 2 6.7 3
130 2 6.7 3
130 2 7 3
130 2 9 3
130 2 12 3
130 2 14 3
130 2 15.3 3
130 2 15.6 3
130 2 15.9 3
130 2 16 3
130 2 16.2 3
130 2 16.5 3
130 2 17 3
130 2 17.5 3
130 2 16 3
130 2 15.5 3
130 2 15 3
130 2 14 3
130 2 13 3
130 2 12 3
130 2 11 3
130 2 10 3
130 2 13 3
130 2 12 3
130 2 11 3
130 2 10 3
130 1 8 3
130 1 8 3
130 1 7 3
130 1 7 3
130 1 8 3
130 2 9 3
130 2 10 3
130 2 12.5 3
130 2 13 3
130 2 13 3
130 2 12.8 3
130 2 12 3
130 2 11 3
130 2 10 3
130 2 9 3
130 2 8 3
130 2 8 3
130 2 7.9 3
130 2 7.8 3
130 2 7.7 3
130 2 7.5 3
130 2 7.3 3
130 2 7.2 3
130 2 7 3
130 2 6.7 3
130 2 6.7 3
130 2 7 3
130 2 9 3
130 2 15.5 3
130 2 15.7 3
130 2 16 3
130 2 16.7 3
130 2 17 3
130 2 16 3
130 2 16.2 3
130 2 16.5 3
130 2 17 3
130 2 17 3
130 2 16 3
130 2 15 3
130 2 15 3
130 2 14 3
130 2 13 3
130 2 12 3
130 2 11 3
130 2 10 3
130 2 13 3
130 2 12 3
130 2 11 3
130 2 10 3
130 1 8 3
130 1 8 3
130 1 7 3
130 1 7 3
130 1 8 3
130 2 9 3
130 2 10 3
130 2 11.5 3
130 2 12 3
130 2 13 3
130 2 12.8 3
130 2 12 3
130 2 11 3
130 2 10 3
130 2 9 3
130 2 8 3
130 2 8 3
130 2 7.9 3
130 2 7.8 3
130 2 7.7 3
130 2 7.5 3
130 2 7.3 3
130 2 7.2 3
130 2 7 3
130 2 6.7 3
130 2 6.7 3
130 2 7 3
130 2 9 3
130 2 15.5 3
130 2 15.7 3
130 2 16 3
130 2 16.7 3
130 2 17 3
130 2 16 3
130 2 16.2 3
130 2 16.5 3
130 2 17 3
130 2 17 3
130 2 16 3
130 2 15 3
130 2 15 3
130 2 14 3
130 2 13 3
130 2 12 3
130 2 11 3
130 2 10 3
130 2 13 3
130 2 12 3
130 2 11 3
130 2 10 3
130 1 8 3
130 1 8 3
130 1 7 3
130 1 7 3
130 1 7 3
130 1 8 3
130 1 8 3
130 1 8 3
130 1 8 3
130 1 8 3
130 1 8 3
130 1 8 3
130 1 8 3
130 1 8 3
130 2 9 3
130 2 8 3
130 2 8 3
130 2 7.9 3
130 2 7.8 3
130 2 7.7 3
130 2 7.5 3
130 2 7.3 3
130 2 7.2 3
130 2 7 3
130 2 6.7 3
130 2 6.7 3
130 2 7 3
130 2 15.3 3
130 2 15.5 3
130 2 15.7 3
130 2 16 3
130 2 16.7 3
130 2 17 3
130 2 16 3
130 2 16.2 3
130 2 16.5 3
130 2 17 3
130 2 17 3
130 2 15 3
130 2 14 3
130 2 13 3
130 2 12 3
130 2 12 3
130 2 11 3
130 2 11 3
130 2 10 3
130 2 13 3
130 2 12 3
130 2 11 3
130 2 10 3
130 2 9 3
130 1 8 3
130 1 7 3
130 1 7 3
130 1 7 3
130 1 8 3
130 1 8 3
130 1 8 3
130 1 8 3
130 1 8 3
130 1 8 3
130 1 8 3
130 1 8 3
130 1 8 3
130 2 9 3
130 2 8 3
130 2 8 3
130 2 7.9 3
130 2 7.8 3
130 2 7.7 3
130 2 7.5 3
130 2 7.3 3
130 2 7.2 3
130 2 7 3
130 2 6.7 3
130 2 6.7 3
130 2 7 3
130 2 15.3 3
130 2 15.5 3
130 2 15.7 3
130 2 16 3
130 2 16.7 3
130 2 17 3
130 2 16 3
130 2 16.2 3
130 2 16.5 3
130 2 17 3
130 2 17 3
130 2 15 3
130 2 14 3
130 2 13 3
130 2 12 3
130 2 12 3
130 2 11 3
130 2 11 3
130 2 10 3
130 2 13 3
130 2 12 3
130 2 11 3
130 2 10 3
130 2 9 3
130 1 8 3
130 1 7 3
130 1 7 3
130 1 7 3
130 1 8 3
130 1 8 3
130 1 8 3
130 1 8 3
130 1 8 3
130 1 8 3
130 1 8 3
130 1 8 3
130 1 8 3
130 2 9 3
130 2 8 3
130 2 8 3
130 2 7.9 3
130 2 7.8 3
130 2 7.7 3
130 2 7.5 3
130 2 7.3 3
130 2 7.2 3
130 2 7 3
130 2 6.7 3
130 2 15.2 3
130 2 15.4 3
130 2 15.7 3
130 2 16 3
130 2 17 3
130 2 18 3
130 2 19 3
130 2 17 3
130 2 16 3
130 2 16.2 3
130 2 16.5 3
130 2 17 3
130 2 17 3
130 2 15 3
130 2 14 3
130 2 13 3
130 2 12 3
130 2 12 3
130 2 11 3
130 2 11 3
130 2 10 3
130 2 13 3
130 2 12 3
130 2 11 3
130 2 10 3
130 2 9 3
130 1 8 3
130 1 7 3
130 1 7 3
130 1 7 3
130 1 8 3
130 1 8 3
130 1 8 3
130 2 8 3
130 2 8 3
130 2 9 3
130 2 9 3
130 2 9 3
130 2 9 3
130 2 9 3
130 2 8 3
130 2 8 3
130 2 7.9 3
130 2 7.8 3
130 2 7.7 3
130 2 7.5 3
130 2 7.3 3
130 2 7.2 3
130 2 7 3
130 2 15.2 3
130 2 15.4 3
130 2 15.7 3
130 2 16 3
130 2 17 3
130 2 18 3
130 2 19 3
130 2 17 3
130 2 16 3
130 2 16 3
130 2 16.2 3
130 2 16.5 3
130 2 17 3
130 2 15 3
130 2 15 3
130 2 14 3
130 2 13 3
130 2 12 3
130 2 12 3
130 2 11 3
130 2 11 3
130 2 10 3
130 2 13 3
130 2 12 3
130 2 11 3
130 2 10 3
130 2 9 3
130 2 9 3
130 1 8 3
130 1 7 3
130 1 7 3
130 1 8 3
130 1 8 3
130 1 8 3
130 2 8 3
130 2 8 3
130 2 9 3
130 2 9 3
130 2 9 3
130 2 9 3
130 2 9 3
130 2 8 3
130 2 8 3
130 2 7.9 3
130 2 7.8 3
130 2 7.7 3
130 2 7.5 3
130 2 7.3 3
130 2 7.2 3
130 2 15.2 3
130 2 15.4 3
130 2 15.7 3
130 2 16 3
130 2 17 3
130 2 18 3
130 2 19 3
130 2 17 3
130 2 16 3
130 2 16.4 3
130 2 16.3 3
130 2 16.2 3
130 2 16 3
130 2 15 3
130 2 15 3
130 2 14 3
130 2 14 3
130 2 13 3
130 2 12 3
130 2 12 3
130 2 11 3
130 2 11 3
130 2 10 3
130 2 13 3
130 2 12 3
130 2 11 3
130 2 10 3
130 2 9 3
130 2 9 3
130 1 8 3
130 1 7 3
130 1 7 3
130 1 8 3
130 1 8 3
130 1 8 3
130 2 8 3
130 2 8 3
130 2 9 3
130 2 9 3
130 2 9 3
130 2 9 3
130 2 9 3
130 2 8 3
130 2 8 3
130 2 7.9 3
130 2 7.8 3
130 2 7.7 3
130 2 7.5 3
130 2 7.3 3
130 2 7.2 3
130 2 15.2 3
130 2 15.4 3
130 2 15.7 3
130 2 16 3
130 2 17 3
130 2 18 3
130 2 19 3
130 2 17 3
130 2 16 3
130 2 16.4 3
130 2 16.3 3
130 2 15 3
130 2 15 3
130 2 14 3
130 2 14 3
130 2 13 3
130 2 13 3
130 2 12 3
130 2 11 3
130 2 10 3
130 2 9 3
130 2 8 3
130 2 7 3
130 2 13 3
130 2 12 3
130 2 11 3
130 2 10 3
130 2 9 3
130 2 9 3
130 1 7 3
130 1 7 3
130 2 7 3
130 2 8 3
130 2 8 3
130 2 8 3
130 2 8 3
130 2 8 3
130 2 9 3
130 2 9 3
130 2 9 3
130 2 9 3
130 2 9 3
130 2 8 3
130 2 8 3
130 2 7.9 3
130 2 7.8 3
130 2 7.7 3
130 2 7.5 3
130 2 7.3 3
130 2 7.2 3
130 2 15.2 3
130 2 15.4 3
130 2 15.7 3
130 2 16 3
130 2 17 3
130 2 18 3
130 2 19 3
130 2 17 3
130 2 16 3
130 2 16.4 3
130 2 16.3 3
130 2 15 3
130 2 15 3
130 2 14 3
130 2 14 3
130 2 13 3
130 2 13 3
130 2 12 3
130 2 11 3
130 2 10 3
130 2 9 3
130 2 8 3
130 2 7 3
130 2 13 3
130 2 12 3
130 2 11 3
130 2 10 3
130 2 9 3
130 2 9 3
130 2 7 3
130 2 7 3
130 2 7 3
130 2 8 3
130 2 8 3
130 2 8 3
130 2 8 3
130 2 8 3
130 2 9 3
130 2 9 3
130 2 9 3
130 2 9 3
130 2 9 3
130 2 8 3
130 2 7.9 3
130 2 8 3
130 2 9 3
130 2 10 3
130 2 11 3
130 2 13 3
130 2 15.1 3
130 2 15.2 3
130 2 15.4 3
130 2 15.7 3
130 2 16 3
130 2 17 3
130 2 18 3
130 2 19 3
130 2 17 3
130 2 16 3
130 2 16.4 3
130 2 16.3 3
130 2 15 3
130 2 15 3
130 2 14 3
130 2 14 3
130 2 13 3
130 2 13 3
130 2 12 3
130 2 11 3
130 2 10 3
130 2 9 3
130 2 8 3
130 2 7 3
129 2 13 3
129 2 12 3
129 2 11 3
129 2 10 3
129 2 9 3
129 2 9 3
129 2 7 3
129 2 7 3
129 2 7 3
129 2 8 3
129 2 8 3
129 2 8 3
129 2 8 3
129 2 8 3
129 2 9 3
129 2 9 3
129 2 9 3
129 2 9 3
129 2 9 3
129 2 8 3
129 2 7.9 3
129 2 8 3
129 2 9 3
129 2 10 3
129 2 11 3
129 2 13 3
129 2 15.1 3
129 2 15.2 3
129 2 15.4 3
129 2 15.7 3
129 2 16 3
129 2 17 3
129 2 18 3
129 2 19 3
129 2 17 3
129 2 16 3
129 2 15 3
129 2 15 3
129 2 15 3
129 2 15 3
129 2 14 3
129 2 14 3
129 2 13 3
129 2 13 3
129 2 12 3
129 2 11 3
129 2 10 3
129 2 9 3
129 2 8 3
129 2 7 3
129 2 13 3
129 2 12 3
129 2 11 3
129 2 10 3
129 2 9 3
129 2 9 3
129 2 7 3
129 2 7 3
129 2 7 3
129 2 8 3
129 2 8 3
129 2 8 3
129 2 8 3
129 2 8 3
129 2 9 3
129 2 9 3
129 2 9 3
129 2 9 3
129 2 9 3
129 2 8 3
129 2 7.9 3
129 2 8 3
129 2 9 3
129 2 10 3
129 2 11 3
129 2 13 3
129 2 15.1 3
129 2 15.2 3
129 2 15.4 3
129 2 15.7 3
129 2 16 3
129 2 17 3
129 2 18 3
129 2 19 3
129 2 17 3
129 2 16 3
129 2 15 3
129 2 15 3
129 2 15 3
129 2 15 3
129 2 14 3
129 2 14 3
129 2 13 3
129 2 13 3
129 2 12 3
129 2 11 3
129 2 10 3
129 2 9 3
129 2 8 3
129 2 7 3
129 2 7 3