129 5 14 3.1
129 5 14 3.1
129 5 14 3.1
129 5 14.5 3.1
129 5 15 3.1
129 5 15 3.1
129 5 15 3.1
129 5 15 3.1
129 5 15 3.1
129 5 15 3.1
129 5 15 3.1
129 5 14.8 3.1
129 5 14.7 3.1
129 5 14.5 3.1
129 5 14.3 3.1
129 5 14.2 3.1
129 5 14 3.1
129 5 13.8 3.1
129 5 13.6 3.1
129 5 13.4 3.1
129 5 13.1 3.1
129 5 12.9 3.1
129 5 12.7 3.1
129 5 12.4 3.1
129 5 12.2 3.1
129 5 12 3.1
129 5 11.7 3.1
129 5 11.5 3.1
129 5 11.4 3.1
129 5 11.2 3.1
129 5 11 3.1
129 5 10 3.1
129 5 10 3.1
129 5 9 3.1
129 5 9 3.1
129 5 10 3.1
129 5 11 3.1
129 5 12 3.1
129 5 13 3.1
129 5 14 3.1
129 5 14 3.1
129 5 15 3.1
129 5 15 3.1
129 5 16 3.1
129 5 16 3.1
129 5 17 3.1
129 5 17 3.1
129 5 18 3.1
129 5 19 3.1
129 5 20 3.1
129 5 14 3.1
129 5 14 3.1
129 5 14 3.1
129 5 14.5 3.1
129 5 15 3.1
129 5 15 3.1
129 5 15 3.1
129 5 15 3.1
129 5 15 3.1
129 5 15 3.1
129 5 15 3.1
129 5 14.8 3.1
129 5 14.7 3.1
129 5 14.5 3.1
129 5 14.3 3.1
129 5 14.2 3.1
129 5 14 3.1
129 5 13.8 3.1
129 5 13.6 3.1
129 5 13.4 3.1
129 5 13.1 3.1
129 5 12.9 3.1
129 5 12.7 3.1
129 5 12.4 3.1
129 5 12.2 3.1
129 5 12 3.1
129 5 11.7 3.1
129 5 11.5 3.1
129 5 11.4 3.1
129 5 11.2 3.1
129 5 11 3.1
129 5 10 3.1
129 5 10 3.1
129 5 9 3.1
129 5 9 3.1
129 5 10 3.1
129 5 11 3.1
129 5 12 3.1
129 5 13 3.1
129 5 14 3.1
129 5 14 3.1
129 5 15 3.1
129 5 15 3.1
129 5 16 3.1
129 5 16 3.1
129 5 17 3.1
129 5 17 3.1
129 5 18 3.1
129 5 19 3.1
129 5 20 3.1
129 5 14 3.1
129 5 14 3.1
129 5 14 3.1
129 5 14.5 3.1
129 5 15 3.1
129 5 16 3.1
129 5 16 3.1
129 5 16 3.1
129 5 16 3.1
129 5 16 3.1
129 5 16 3.1
129 5 15 3.1
129 5 15 3.1
129 5 15 3.1
129 5 15 3.1
129 5 15 3.1
129 5 15 3.1
129 5 14.8 3.1
129 5 14.6 3.1
129 5 14.4 3.1
129 5 14.1 3.1
129 5 13.9 3.1
129 5 13.7 3.1
129 5 13.4 3.1
129 5 13 3.1
129 5 12.8 3.1
129 5 12.5 3.1
129 5 12.5 3.1
129 5 12.4 3.1
129 5 11.8 3.1
129 5 11.3 3.1
129 5 11 3.1
129 5 10 3.1
129 5 9 3.1
129 5 9 3.1
129 5 10 3.1
129 5 11 3.1
129 5 12 3.1
129 5 13 3.1
129 5 14 3.1
129 5 14 3.1
129 5 15 3.1
129 5 15 3.1
129 5 16 3.1
129 5 16 3.1
129 5 17 3.1
129 5 17 3.1
129 5 18 3.1
129 5 19 3.1
129 5 20 3.1
129 5 14 3.1
129 5 14 3.1
129 5 14 3.1
129 5 14.5 3.1
129 5 15 3.1
129 5 15 3.1
129 5 16 3.1
129 5 17 3.1
129 5 17 3.1
129 5 17 3.1
129 5 17 3.1
129 5 16 3.1
129 5 16 3.1
129 5 16 3.1
129 5 16 3.1
129 5 16 3.1
129 5 16 3.1
129 5 15 3.1
129 5 15 3.1
129 5 15 3.1
129 5 15 3.1
129 5 15 3.1
129 5 15 3.1
129 5 13.4 3.1
129 5 13 3.1
129 5 12.8 3.1
129 5 12.5 3.1
129 5 12.5 3.1
129 5 12.4 3.1
129 5 11.8 3.1
129 5 11.3 3.1
129 5 11 3.1
129 5 10 3.1
129 5 9 3.1
129 5 9 3.1
129 5 10 3.1
129 5 11 3.1
129 5 12 3.1
129 5 13 3.1
129 5 13 3.1
129 5 14 3.1
129 5 14 3.1
129 5 15 3.1
129 5 16 3.1
129 5 16 3.1
129 5 17 3.1
129 5 17 3.1
129 5 18 3.1
129 5 19 3.1
129 5 20 3.1
129 5 14 3.1
129 5 14 3.1
129 5 14 3.1
129 5 14.5 3.1
129 5 15 3.1
129 5 15 3.1
129 5 16 3.1
129 5 17 3.1
129 5 17 3.1
129 5 17 3.1
129 5 17 3.1
129 5 16 3.1
129 5 16 3.1
129 4 16 3.1
129 4 16 3.1
129 4 16 3.1
129 4 16 3.1
129 4 16 3.1
129 4 16 3.1
129 4 16 3.1
129 4 16 3.1
129 4 16 3.1
129 4 16 3.1
129 4 15 3.1
129 4 13 3.1
129 4 12.8 3.1
129 4 12.5 3.1
129 4 12.5 3.1
129 4 12.4 3.1
129 4 11.8 3.1
129 4 11.3 3.1
129 4 11 3.1
129 4 10 3.1
129 4 9 3.1
129 4 9 3.1
129 5 10 3.1
129 5 11 3.1
129 5 12 3.1
129 5 13 3.1
129 5 13.3 3.1
129 5 13.7 3.1
129 5 13.8 3.1
129 5 14 3.1
129 5 14 3.1
129 5 15 3.1
129 5 16 3.1
129 5 17 3.1
129 5 18 3.1
129 5 19 3.1
129 5 20 3.1
129 5 14 3.1
129 5 14 3.1
129 5 14 3.1
129 5 14.5 3.1
129 5 15 3.1
129 5 15 3.1
129 5 16 3.1
129 5 16 3.1
129 5 16 3.1
129 5 16 3.1
129 5 16 3.1
129 5 16 3.1
129 5 16 3.1
129 3 16 3.1
129 3 16 3.1
129 3 16 3.1
129 3 16 3.1
129 3 17 3.1
129 3 17 3.1
129 3 17 3.1
129 3 16 3.1
129 3 16 3.1
129 3 16 3.1
129 3 15 3.1
129 3 13 3.1
129 3 12.8 3.1
129 3 12.5 3.1
129 3 12.5 3.1
129 3 12.4 3.1
129 3 11.8 3.1
129 3 11.3 3.1
129 3 11 3.1
129 3 10 3.1
129 3 9 3.1
129 3 9 3.1
129 5 10 3.1
129 5 11 3.1
129 5 12 3.1
129 5 13 3.1
129 5 13.3 3.1
129 5 13.7 3.1
129 5 13.8 3.1
129 5 14 3.1
129 5 14 3.1
129 5 15 3.1
129 5 16 3.1
129 5 17 3.1
129 5 18 3.1
129 5 19 3.1
129 5 20 3.1
129 5 14 3.1
129 5 14 3.1
129 5 14 3.1
129 5 14.5 3.1
129 5 15 3.1
129 5 15 3.1
129 5 16 3.1
129 5 16 3.1
129 5 16 3.1
129 5 16 3.1
129 4 16 3.1
129 3 16 3.1
129 3 16 3.1
129 2 15 3.1
129 2 15 3.1
129 2 15 3.1
129 2 15 3.1
129 2 15 3.1
129 2 15 3.1
129 2 15 3.1
129 2 15 3.1
129 2 15 3.1
129 2 15 3.1
129 2 15 3.1
129 2 15 3.1
129 2 15 3.1
129 2 15 3.1
129 2 15 3.1
129 2 15 3.1
129 2 15 3.1
129 2 15 3.1
129 2 15 3.1
129 2 15 3.1
129 2 15 3.1
129 2 15 3.1
129 3 10 3.1
129 4 11 3.1
129 5 12 3.1
129 5 13 3.1
129 5 13.3 3.1
129 5 13.7 3.1
129 5 13.8 3.1
129 5 14 3.1
129 5 14 3.1
129 5 15 3.1
129 5 16 3.1
129 5 17 3.1
129 5 18 3.1
129 5 19 3.1
129 5 20 3.1
129 5 14 3.1
129 5 14 3.1
129 5 14 3.1
129 5 14.5 3.1
129 5 15 3.1
129 5 15 3.1
129 5 16 3.1
129 5 16 3.1
129 5 16 3.1
129 4 16 3.1
129 3 16 3.1
129 2 16 3.1
129 2 16 3.1
129 2 15 3.1
129 2 15 3.1
129 2 15 3.1
129 2 15 3.1
129 2 15 3.1
129 2 15 3.1
129 2 15 3.1
129 2 14 3.1
129 2 13 3.1
129 2 12 3.1
129 2 11 3.1
129 2 10 3.1
129 2 10 3.1
129 2 11 3.1
129 2 12 3.1
129 2 12 3.1
129 2 13 3.1
129 2 14 3.1
129 2 14 3.1
129 2 15 3.1
129 2 15 3.1
129 2 14 3.1
129 2 10 3.1
129 2 11 3.1
129 2 12 3.1
129 3 13 3.1
129 4 13.3 3.1
129 5 13.7 3.1
129 5 13.8 3.1
129 5 14 3.1
129 5 14 3.1
129 5 15 3.1
129 5 15 3.1
129 5 16 3.1
129 5 17 3.1
129 5 18 3.1
129 5 19 3.1
129 5 14 3.1
129 5 14 3.1
129 5 14 3.1
129 5 14.5 3.1
129 5 15 3.1
129 5 15 3.1
129 5 16 3.1
129 5 16 3.1
129 5 16 3.1
129 4 16 3.1
129 3 16 3.1
129 2 16 3.1
129 2 16 3.1
129 2 15 3.1
129 2 15 3.1
129 2 15 3.1
129 2 15 3.1
129 2 15 3.1
129 2 15 3.1
129 2 15 3.1
129 2 14 3.1
129 2 13 3.1
129 2 12 3.1
129 2 11 3.1
129 2 10 3.1
129 2 10 3.1
129 2 11 3.1
129 2 12 3.1
129 2 12 3.1
129 2 13 3.1
129 2 14 3.1
129 2 14 3.1
129 2 15 3.1
129 2 15 3.1
129 2 14 3.1
129 2 10 3.1
129 2 11 3.1
129 2 12 3.1
129 3 13 3.1
129 4 13.3 3.1
129 5 13.7 3.1
129 5 13.8 3.1
129 5 14 3.1
129 5 14 3.1
129 5 15 3.1
129 5 15 3.1
129 5 16 3.1
129 5 17 3.1
129 5 18 3.1
129 5 19 3.1
129 5 14 3.1
129 5 14 3.1
129 5 14 3.1
129 5 14.5 3.1
129 5 15 3.1
129 5 15 3.1
129 5 16 3.1
129 5 16 3.1
129 4 16 3.1
129 3 16 3.1
129 2 16 3.1
129 2 16 3.1
129 2 16 3.1
129 2 15 3.1
129 2 15 3.1
129 2 15 3.1
129 2 15 3.1
129 2 15 3.1
129 2 15 3.1
129 2 15 3.1
129 2 14 3.1
129 2 13 3.1
129 2 12 3.1
129 2 11 3.1
129 2 10 3.1
129 2 10 3.1
129 2 11 3.1
129 2 12 3.1
129 2 12 3.1
129 2 13 3.1
129 2 14 3.1
129 2 14 3.1
129 2 15 3.1
129 2 15 3.1
129 2 14 3.1
129 2 10 3.1
129 2 11 3.1
129 2 12 3.1
129 2 13 3.1
129 2 13.3 3.1
129 2 13.7 3.1
129 2 13.8 3.1
129 2 14 3.1
129 3 14 3.1
129 4 15 3.1
129 5 15 3.1
129 5 16 3.1
129 5 17 3.1
129 5 18 3.1
129 5 19 3.1
129 5 14 3.1
129 5 14 3.1
129 5 14 3.1
129 5 14.5 3.1
129 5 15 3.1
129 5 15 3.1
129 5 16 3.1
129 4 16 3.1
129 3 16 3.1
129 2 16 3.1
129 2 16 3.1
129 2 16 3.1
129 2 16 3.1
129 2 15 3.1
129 2 15 3.1
129 2 15 3.1
129 2 15 3.1
129 2 15 3.1
129 2 15 3.1
129 2 15 3.1
129 2 14 3.1
129 2 13 3.1
129 2 12 3.1
129 2 11 3.1
129 2 10 3.1
129 2 10 3.1
129 2 11 3.1
129 2 12 3.1
129 2 12 3.1
129 2 13 3.1
129 2 14 3.1
129 2 14 3.1
129 2 15 3.1
129 2 15 3.1
129 2 14 3.1
129 2 10 3.1
129 2 11 3.1
129 2 12 3.1
129 2 13 3.1
129 2 13.3 3.1
129 2 13.7 3.1
129 2 13.8 3.1
129 2 14 3.1
129 3 14 3.1
129 4 15 3.1
129 5 15 3.1
129 5 16 3.1
129 5 17 3.1
129 5 18 3.1
129 5 19 3.1
129 5 14 3.1
129 5 14 3.1
129 5 14 3.1
129 5 14.5 3.1
129 5 14 3.1
129 5 14 3.1
129 4 14 3.1
129 3 14 3.1
129 2 14 3.1
129 2 14 3.1
129 2 14 3.1
129 2 14 3.1
129 2 14 3.1
129 2 14 3.1
129 2 15 3.1
129 2 15 3.1
129 2 15 3.1
129 2 15 3.1
129 2 15 3.1
129 2 14 3.1
129 2 14 3.1
129 2 13 3.1
129 2 12 3.1
129 2 11 3.1
129 2 10 3.1
129 2 10 3.1
129 2 11 3.1
129 2 12 3.1
129 2 12 3.1
129 2 13 3.1
129 2 14 3.1
129 2 14 3.1
129 2 15 3.1
129 2 15 3.1
129 2 14 3.1
129 2 10 3.1
129 2 11 3.1
129 2 12 3.1
129 2 13 3.1
129 2 13.3 3.1
129 2 13.7 3.1
129 2 13.8 3.1
129 2 14 3.1
129 3 14 3.1
129 4 15 3.1
129 5 15 3.1
129 5 16 3.1
129 5 17 3.1
129 5 18 3.1
129 5 19 3.1
129 5 14 3.1
129 5 14 3.1
129 5 14 3.1
129 5 14.5 3.1
129 5 14 3.1
129 5 14 3.1
129 4 14 3.1
129 3 14 3.1
129 3 14 3.1
129 3 14 3.1
129 3 14 3.1
129 3 14 3.1
129 3 14 3.1
129 3 14 3.1
129 3 15 3.1
129 3 15 3.1
129 3 15 3.1
129 3 15 3.1
129 3 15 3.1
129 3 14 3.1
129 3 14 3.1
129 3 13 3.1
129 3 12 3.1
129 3 11 3.1
129 3 10 3.1
129 3 10 3.1
129 3 11 3.1
129 3 12 3.1
129 3 12 3.1
129 3 13 3.1
129 3 14 3.1
129 3 14 3.1
129 2 15 3.1
129 2 15 3.1
129 2 14 3.1
129 2 10 3.1
129 2 11 3.1
129 2 12 3.1
129 2 13 3.1
129 2 13.3 3.1
129 2 13.7 3.1
129 2 13.8 3.1
129 2 14 3.1
129 3 14 3.1
129 4 15 3.1
129 5 15 3.1
129 5 16 3.1
129 5 17 3.1
129 5 18 3.1
129 5 19 3.1
129 5 14 3.1
129 5 14 3.1
129 5 14 3.1
129 5 14.5 3.1
129 5 14 3.1
129 5 14 3.1
129 4 14 3.1
129 4 14 3.1
129 4 14 3.1
129 4 14 3.1
129 4 14 3.1
129 4 14 3.1
129 4 14 3.1
129 4 14 3.1
129 4 15 3.1
129 4 15 3.1
129 4 15 3.1
129 4 15 3.1
129 4 15 3.1
129 4 14 3.1
129 4 14 3.1
129 4 13 3.1
129 4 12 3.1
129 4 11 3.1
129 4 10 3.1
129 4 10 3.1
129 4 11 3.1
129 4 12 3.1
129 4 12 3.1
129 4 13 3.1
129 3 14 3.1
129 3 14 3.1
129 2 15 3.1
129 2 15 3.1
129 2 14 3.1
129 2 10 3.1
129 2 11 3.1
129 2 12 3.1
129 2 13 3.1
129 2 13.3 3.1
129 2 13.7 3.1
129 2 13.8 3.1
129 2 14 3.1
129 3 14 3.1
129 4 15 3.1
129 5 15 3.1
129 5 16 3.1
129 5 17 3.1
129 5 18 3.1
129 5 19 3.1
129 5 14 3.1
129 5 14 3.1
129 5 14 3.1
129 5 14.5 3.1
129 5 14 3.1
129 5 14 3.1
129 4 14 3.1
129 4 14 3.1
129 4 14 3.1
129 4 14 3.1
129 4 14 3.1
129 4 14 3.1
129 4 14 3.1
129 4 14 3.1
129 4 15 3.1
129 4 15 3.1
129 4 15 3.1
129 4 15 3.1
129 4 15 3.1
129 4 14 3.1
129 4 14 3.1
129 4 13 3.1
129 4 12 3.1
129 4 11 3.1
129 4 10 3.1
129 4 10 3.1
129 4 11 3.1
129 4 12 3.1
129 4 12 3.1
129 4 13 3.1
129 4 14 3.1
129 4 14 3.1
129 3 15 3.1
129 3 15 3.1
129 2 14 3.1
129 2 10 3.1
129 2 11 3.1
129 2 12 3.1
129 2 13 3.1
129 2 13.3 3.1
129 2 13.7 3.1
129 2 13.8 3.1
129 2 13.9 3.1
129 3 14 3.1
129 4 14 3.1
129 5 15 3.1
129 5 15 3.1
129 5 16 3.1
129 5 17 3.1
129 5 18 3.1
129 5 14 3.1
129 5 14 3.1
129 5 14 3.1
129 5 14.5 3.1
129 5 14 3.1
129 5 14 3.1
129 5 14 3.1
129 5 14 3.1
129 5 14 3.1
129 5 14 3.1
129 5 14 3.1
129 4 14 3.1
129 4 14 3.1
129 4 14 3.1
129 4 15 3.1
129 4 15 3.1
129 4 15 3.1
129 4 15 3.1
129 4 15 3.1
129 4 14 3.1
129 5 14 3.1
129 5 13 3.1
129 5 12 3.1
129 5 11 3.1
129 5 10 3.1
129 5 10 3.1
129 5 11 3.1
129 5 12 3.1
129 5 12 3.1
129 4 13 3.1
129 3 14 3.1
129 2 14 3.1
129 2 15 3.1
129 2 15 3.1
129 2 14 3.1
129 2 10 3.1
129 2 11 3.1
129 2 12 3.1
129 2 13 3.1
129 2 13.3 3.1
129 2 13.7 3.1
129 3 13.8 3.1
129 4 13.9 3.1
129 4 14 3.1
129 4 14 3.1
129 5 15 3.1
129 5 15 3.1
129 5 16 3.1
129 5 17 3.1
129 5 18 3.1
129 5 14 3.1
129 5 14 3.1
129 5 14 3.1
129 5 14.5 3.1
129 5 14 3.1
129 5 14 3.1
129 5 14 3.1
129 5 14 3.1
129 5 14 3.1
129 5 14 3.1
129 5 14 3.1
129 4 14 3.1
129 3 14 3.1
129 3 14 3.1
129 3 15 3.1
129 3 15 3.1
129 3 15 3.1
129 3 15 3.1
129 3 15 3.1
129 3 14 3.1
129 4 14 3.1
129 5 13 3.1
129 5 12 3.1
129 5 11 3.1
129 5 10 3.1
129 5 10 3.1
129 5 11 3.1
129 5 12 3.1
129 5 12 3.1
129 4 13 3.1
129 3 14 3.1
129 2 14 3.1
129 2 15 3.1
129 2 15 3.1
129 2 14 3.1
129 2 10 3.1
129 2 11 3.1
129 2 12 3.1
129 2 13 3.1
129 2 13.3 3.1
129 2 13.7 3.1
129 3 13.8 3.1
129 4 13.9 3.1
129 4 14 3.1
129 4 14 3.1
129 5 15 3.1
129 5 15 3.1
129 5 16 3.1
129 5 17 3.1
129 5 18 3.1
129 5 14 3.1
129 5 14 3.1
129 5 14 3.1
129 5 14.5 3.1
129 5 14 3.1
129 5 14 3.1
129 5 14 3.1
129 5 14 3.1
129 5 14 3.1
129 5 14 3.1
129 4 14 3.1
129 3 14 3.1
129 2 14 3.1
129 2 14 3.1
129 2 15 3.1
129 2 15 3.1
129 2 15 3.1
129 2 15 3.1
129 2 15 3.1
129 2 14 3.1
129 3 14 3.1
129 4 13 3.1
129 5 12 3.1
129 5 11 3.1
129 5 10 3.1
129 5 10 3.1
129 5 11 3.1
129 5 12 3.1
129 5 12 3.1
129 4 13 3.1
129 3 14 3.1
129 2 14 3.1
129 2 15 3.1
129 2 15 3.1
129 2 14 3.1
129 2 10 3.1
129 2 11 3.1
129 2 12 3.1
129 2 13 3.1
129 2 13.3 3.1
129 2 13.7 3.1
129 3 13.8 3.1
129 4 13.9 3.1
129 4 14 3.1
129 4 14 3.1
129 5 14.5 3.1
129 5 15 3.1
129 5 15 3.1
129 5 17 3.1
129 5 18 3.1
129 5 14 3.1
129 5 14 3.1
129 5 14 3.1
129 5 14 3.1
129 5 14 3.1
129 5 14 3.1
129 5 14 3.1
129 5 14 3.1
129 5 14 3.1
129 5 14 3.1
129 4 14 3.1
129 3 14 3.1
129 2 14 3.1
129 2 14 3.1
129 2 15 3.1
129 2 15 3.1
129 2 15 3.1
129 2 15 3.1
129 2 15 3.1
129 2 14 3.1
129 3 14 3.1
129 4 13 3.1
129 5 12 3.1
129 5 11 3.1
129 5 10 3.1
129 5 10 3.1
129 5 11 3.1
129 5 12 3.1
129 5 12 3.1
129 4 13 3.1
129 3 14 3.1
129 2 14 3.1
129 2 15 3.1
129 2 15 3.1
129 2 14 3.1
129 2 10 3.1
129 2 11 3.1
129 2 12 3.1
129 2 13 3.1
129 2 13 3.1
129 2 13 3.1
129 3 13 3.1
129 4 13 3.1
129 4 14 3.1
129 4 14 3.1
129 5 14 3.1
129 5 14 3.1
129 5 15 3.1
129 5 15 3.1
129 5 15 3.1
129 5 14 3.1
129 5 14 3.1
129 5 14 3.1
129 5 14 3.1
129 5 14 3.1
129 4 14 3.1
129 4 14 3.1
129 3 14 3.1
129 2 14 3.1
129 2 14 3.1
129 2 14 3.1
129 2 14 3.1
129 2 14 3.1
129 2 14 3.1
129 2 15 3.1
129 2 15 3.1
129 2 15 3.1
129 2 15 3.1
129 2 15 3.1
129 2 14 3.1
129 3 14 3.1
129 4 13 3.1
129 5 12 3.1
129 5 11 3.1
129 5 10 3.1
129 5 10 3.1
129 5 11 3.1
129 5 12 3.1
129 5 12 3.1
129 4 13 3.1
129 3 14 3.1
129 2 14 3.1
129 2 15 3.1
129 2 15 3.1
129 2 14 3.1
129 2 10 3.1
129 2 11 3.1
129 2 12 3.1
129 2 13 3.1
129 2 13 3.1
129 2 13 3.1
129 3 13 3.1
129 4 13 3.1
129 4 14 3.1
129 4 14 3.1
129 5 14 3.1
129 5 14 3.1
129 5 15 3.1
129 5 15 3.1
129 5 15 3.1
129 5 14 3.1
129 5 14 3.1
129 5 14 3.1
129 5 14 3.1
129 5 14 3.1
129 4 14 3.1
129 4 14 3.1
129 3 14 3.1
129 2 14 3.1
129 2 14 3.1
129 2 14 3.1
129 2 14 3.1
129 2 14 3.1
129 2 14 3.1
129 2 15 3.1
129 2 15 3.1
129 2 15 3.1
129 2 15 3.1
129 2 15 3.1
129 3 14 3.1
129 3 14 3.1
129 4 13 3.1
129 5 12 3.1
129 5 11 3.1
129 5 10 3.1
129 5 10 3.1
129 5 11 3.1
129 5 12 3.1
129 5 12 3.1
129 4 13 3.1
129 3 14 3.1
129 2 14 3.1
129 2 15 3.1
129 2 15 3.1
129 2 14 3.1
129 2 10 3.1
129 2 11 3.1
129 2 12 3.1
129 2 13 3.1
129 2 13 3.1
129 2 13 3.1
129 3 13 3.1
129 4 13 3.1
129 4 14 3.1
129 4 14 3.1
129 5 14 3.1
129 5 14 3.1
129 5 15 3.1
129 5 15 3.1
129 5 15 3.1
129 5 14 3.1
129 5 14 3.1
129 5 14 3.1
129 5 14 3.1
129 4 14 3.1
129 3 14 3.1
129 2 14 3.1
129 2 14 3.1
129 2 14 3.1
129 2 14 3.1
129 2 14 3.1
129 2 14 3.1
129 2 14 3.1
129 2 14 3.1
129 2 15 3.1
129 2 15 3.1
129 2 15 3.1
129 2 15 3.1
129 2 15 3.1
129 3 14 3.1
129 3 14 3.1
129 4 13 3.1
129 5 12 3.1
129 5 11 3.1
129 5 10 3.1
129 5 10 3.1
129 5 11 3.1
129 5 12 3.1
129 5 12 3.1
129 4 13 3.1
129 3 14 3.1
129 2 14 3.1
129 2 15 3.1
129 2 15 3.1
129 2 14 3.1
129 2 10 3.1
129 2 11 3.1
129 2 12 3.1
129 2 13 3.1
129 2 13 3.1
129 2 13 3.1
129 3 13 3.1
129 4 13 3.1
129 4 14 3.1
129 4 14 3.1
129 5 14 3.1
129 5 14 3.1
129 5 15 3.1
129 5 15 3.1
129 5 15 3.1
129 5 14 3.1
129 5 14 3.1
129 5 14 3.1
129 5 14 3.1
129 4 14 3.1
129 3 14 3.1
129 2 14 3.1
129 2 14 3.1
129 2 14 3.1
129 2 14 3.1
129 2 14 3.1
129 2 14 3.1
129 2 14 3.1
129 2 14 3.1
129 2 15 3.1
129 2 15 3.1
129 2 15 3.1
129 2 15 3.1
129 2 15 3.1
129 3 14 3.1
129 3 14 3.1
129 4 13 3.1
129 5 12 3.1
129 5 11 3.1
129 5 10 3.1
129 5 10 3.1
129 5 11 3.1
129 5 12 3.1
129 5 12 3.1
129 4 13 3.1
129 3 14 3.1
129 2 14 3.1
129 2 15 3.1
129 2 15 3.1
129 2 14 3.1
129 2 10 3.1
129 2 11 3.1
129 2 12 3.1
129 2 13 3.1
129 2 13 3.1
129 2 13 3.1
129 3 13 3.1
129 4 13 3.1
129 4 14 3.1
129 4 14 3.1
129 5 14 3.1
129 5 14 3.1
129 5 15 3.1
129 5 15 3.1
129 5 15 3.1
129 5 14 3.1
129 5 14 3.1
129 5 14 3.1
129 5 14 3.1
129 4 14 3.1
129 3 14 3.1
129 2 14 3.1
129 2 14 3.1
129 2 14 3.1
129 2 14 3.1
129 2 14 3.1
129 2 14 3.1
129 2 14 3.1
129 2 14 3.1
129 2 15 3.1
129 2 15 3.1
129 2 15 3.1
129 2 15 3.1
129 2 15 3.1
129 3 14 3.1
129 3 14 3.1
129 4 13 3.1
129 5 12 3.1
129 5 11 3.1
129 5 10 3.1
129 5 10 3.1
129 5 11 3.1
129 5 12 3.1
129 5 12 3.1
129 4 13 3.1
129 3 14 3.1
129 2 14 3.1
129 2 15 3.1
129 2 15 3.1
129 2 14 3.1
129 2 10 3.1
129 2 11 3.1
129 2 12 3.1
129 2 13 3.1
129 2 13 3.1
129 2 13 3.1
129 3 13 3.1
129 4 13 3.1
129 4 14 3.1
129 4 14 3.1
129 5 14 3.1
129 5 14 3.1
129 5 15 3.1
129 5 15 3.1
129 5 15 3.1
129 2 14 3.1
129 3 14 3.1
129 4 14 3.1
129 5 14 3.1
129 4 14 3.1
129 3 14 3.1
129 2 14 3.1
129 2 14 3.1
129 2 14 3.1
129 2 14 3.1
129 2 14 3.1
129 2 14 3.1
129 2 14 3.1
129 2 14 3.1
129 2 15 3.1
129 2 15 3.1
129 2 15 3.1
129 2 15 3.1
129 2 15 3.1
129 3 14 3.1
129 3 14 3.1
129 4 13 3.1
129 5 12 3.1
129 5 11 3.1
129 5 10 3.1
129 5 10 3.1
129 5 11 3.1
129 5 12 3.1
129 5 12 3.1
129 4 13 3.1
129 3 14 3.1
129 2 14 3.1
129 2 15 3.1
129 2 15 3.1
129 2 14 3.1
129 2 10 3.1
129 2 11 3.1
129 2 12 3.1
129 2 13 3.1
129 2 13 3.1
129 2 13 3.1
129 3 13 3.1
129 4 13 3.1
129 4 14 3.1
129 4 14 3.1
129 5 14 3.1
129 5 14 3.1
129 5 15 3.1
129 5 15 3.1
129 5 15 3.1
129 2 14 3.1
129 3 14 3.1
129 4 14 3.1
129 5 14 3.1
129 4 14 3.1
129 3 14 3.1
129 3 14 3.1
129 3 14 3.1
129 2 14 3.1
129 2 14 3.1
129 2 14 3.1
129 2 14 3.1
129 2 14 3.1
129 2 14 3.1
129 2 15 3.1
129 2 15 3.1
129 2 15 3.1
129 2 15 3.1
129 2 15 3.1
129 3 14 3.1
129 3 14 3.1
129 4 13 3.1
129 5 12 3.1
129 5 11 3.1
129 5 10 3.1
129 5 10 3.1
129 5 11 3.1
129 5 12 3.1
129 5 12 3.1
129 4 13 3.1
129 3 14 3.1
129 2 14 3.1
129 2 15 3.1
129 2 15 3.1
129 2 14 3.1
129 2 10 3.1
129 2 11 3.1
129 2 12 3.1
129 2 13 3.1
129 2 13 3.1
129 2 13 3.1
129 3 13 3.1
129 4 13 3.1
129 4 14 3.1
129 4 14 3.1
129 5 14 3.1
129 5 14 3.1
129 5 15 3.1
129 5 15 3.1
129 5 15 3.1
129 2 14 3.1
129 3 14 3.1
129 4 14 3.1
129 5 14 3.1
129 4 14 3.1
129 4 14 3.1
129 3 14 3.1
129 2 14 3.1
129 2 14 3.1
129 2 14 3.1
129 2 14 3.1
129 2 14 3.1
129 2 14 3.1
129 2 14 3.1
129 2 15 3.1
129 2 15 3.1
129 2 15 3.1
129 2 15 3.1
129 2 15 3.1
129 3 14 3.1
129 3 14 3.1
129 4 13 3.1
129 5 12 3.1
129 5 11 3.1
129 5 10 3.1
129 5 10 3.1
129 5 11 3.1
129 5 12 3.1
129 5 12 3.1
129 4 13 3.1
129 3 14 3.1
129 2 14 3.1
129 2 15 3.1
129 2 15 3.1
129 2 14 3.1
129 2 10 3.1
129 2 11 3.1
129 2 12 3.1
129 2 13 3.1
129 2 13 3.1
129 2 13 3.1
129 3 13 3.1
129 4 13 3.1
129 4 14 3.1
129 4 14 3.1
129 5 14 3.1
129 5 14 3.1
129 5 15 3.1
129 5 15 3.1
129 5 15 3.1
129 2 14 3.1
129 2 14 3.1
129 2 14 3.1
129 4 14 3.1
129 4 14 3.1
129 4 14 3.1
129 3 14 3.1
129 2 14 3.1
129 2 14 3.1
129 2 14 3.1
129 2 14 3.1
129 2 14 3.1
129 2 14 3.1
129 2 14 3.1
129 2 15 3.1
129 2 15 3.1
129 2 15 3.1
129 2 15 3.1
129 2 15 3.1
129 3 14 3.1
129 3 14 3.1
129 4 13 3.1
129 5 12 3.1
129 5 11 3.1
129 5 10 3.1
129 5 10 3.1
129 5 11 3.1
129 5 12 3.1
129 5 12 3.1
129 4 13 3.1
129 3 14 3.1
129 2 14 3.1
129 2 15 3.1
129 2 15 3.1
129 2 14 3.1
129 2 10 3.1
129 2 11 3.1
129 2 12 3.1
129 2 13 3.1
129 2 13 3.1
129 2 13 3.1
129 3 13 3.1
129 4 13 3.1
129 4 14 3.1
129 4 14 3.1
129 5 14 3.1
129 5 14 3.1
129 5 15 3.1
129 5 15 3.1
129 5 15 3.1
129 2 13 3.1
129 2 13 3.1
129 2 13 3.1
129 4 13 3.1
129 4 13 3.1
129 4 13 3.1
129 4 13 3.1
129 4 13 3.1
129 4 13 3.1
129 4 13 3.1
129 4 13 3.1
129 4 13 3.1
129 3 13 3.1
129 3 13 3.1
129 3 14 3.1
129 2 14 3.1
129 2 14 3.1
129 2 14 3.1
129 2 14 3.1
129 3 13 3.1
129 3 13 3.1
129 4 12 3.1
129 5 11 3.1
129 5 10 3.1
129 5 9 3.1
129 5 9 3.1
129 5 10 3.1
129 5 11 3.1
129 5 11 3.1
129 4 12 3.1
129 3 13 3.1
129 2 13 3.1
129 2 13 3.1
129 2 13 3.1
129 2 14 3.1
129 2 9 3.1
129 2 10 3.1
129 2 11 3.1
129 2 12 3.1
129 2 12 3.1
129 2 12 3.1
129 3 12 3.1
129 4 12 3.1
129 4 13 3.1
129 4 13 3.1
129 5 13 3.1
129 5 13 3.1
129 5 14 3.1
129 5 14 3.1
129 5 14 3.1
129.5 2 12 3.1
129.5 2 12 3.1
129.5 2 12 3.1
129.5 2 12 3.1
129.5 3 12 3.1
129.5 3 12 3.1
129.5 4 12 3.1
129.5 4 12 3.1
129.5 4 12 3.1
129.5 4 12 3.1
129.5 4 12 3.1
129.5 4 13 3.1
129.5 3 13 3.1
129.5 3 13 3.1
129.5 3 13 3.1
129.5 2 13 3.1
129.5 2 13 3.1
129.5 2 13 3.1
129.5 3 13 3.1
129.5 3 12 3.1
129.5 3 12 3.1
129.5 4 12 3.1
129.5 5 11 3.1
129.5 5 10 3.1
129.5 5 9 3.1
129.5 5 9 3.1
129.5 5 10 3.1
129.5 5 11 3.1
129.5 5 11 3.1
129.5 4 12 3.1
129.5 3 12 3.1
129.5 2 12 3.1
129.5 2 12 3.1
129.5 2 12 3.1
129.5 2 13 3.1
129.5 2 9 3.1
129.5 2 10 3.1
129.5 2 11 3.1
129.5 2 12 3.1
129.5 2 12 3.1
129.5 2 12 3.1
129.5 3 12 3.1
129.5 4 13 3.1
129.5 4 13 3.1
129.5 4 12 3.1
129.5 5 12 3.1
129.5 5 12 3.1
129.5 5 13 3.1
129.5 5 13 3.1
129.5 5 13 3.1
129.5 2 11 3.1
129.5 2 11 3.1
129.5 2 11 3.1
129.5 2 11 3.1
129.5 3 11 3.1
129.5 3 11 3.1
129.5 4 11 3.1
129.5 4 11 3.1
129.5 4 11 3.1
129.5 4 11 3.1
129.5 4 11 3.1
129.5 4 12 3.1
129.5 3 12 3.1
129.5 3 12 3.1
129.5 3 12 3.1
129.5 3 12 3.1
129.5 3 12 3.1
129.5 3 12 3.1
129.5 3 12 3.1
129.5 3 12 3.1
129.5 3 11 3.1
129.5 4 11 3.1
129.5 5 10 3.1
129.5 5 9 3.1
129.5 5 9 3.1
129.5 5 9 3.1
129.5 5 9 3.1
129.5 5 8 3.1
129.5 5 10 3.1
129.5 4 11 3.1
129.5 3 11 3.1
129.5 2 11 3.1
129.5 2 11 3.1
129.5 2 11 3.1
129.5 2 12 3.1
129.5 2 9 3.1
129.5 2 10 3.1
129.5 2 11 3.1
129.5 2 11 3.1
129.5 2 11 3.1
129.5 2 11 3.1
129.5 3 11 3.1
129.5 4 12 3.1
129.5 4 12 3.1
129.5 4 11 3.1
129.5 5 11 3.1
129.5 5 11 3.1
129.5 5 12 3.1
129.5 5 12 3.1
129.5 5 12 3.1
129.5 2 11 3.1
129.5 2 11 3.1
129.5 2 11 3.1
129.5 2 11 3.1
129.5 3 11 3.1
129.5 3 11 3.1
129.5 4 11 3.1
129.5 4 11 3.1
129.5 4 11 3.1
129.5 4 11 3.1
129.5 4 11 3.1
129.5 4 12 3.1
129.5 3 12 3.1
129.5 3 12 3.1
129.5 3 12 3.1
129.5 3 12 3.1
129.5 3 12 3.1
129.5 3 12 3.1
129.5 3 12 3.1
129.5 3 12 3.1
129.5 3 11 3.1
129.5 4 11 3.1
129.5 5 10 3.1
129.5 5 9 3.1
129.5 5 9 3.1
129.5 5 9 3.1
129.5 5 9 3.1
129.5 5 8 3.1
129.5 5 10 3.1
129.5 4 11 3.1
129.5 3 11 3.1
129.5 2 11 3.1
129.5 2 11 3.1
129.5 2 11 3.1
129.5 2 12 3.1
129.5 2 9 3.1
129.5 2 10 3.1
129.5 2 11 3.1
129.5 2 11 3.1
129.5 2 11 3.1
129.5 2 11 3.1
129.5 3 11 3.1
129.5 4 12 3.1
129.5 4 12 3.1
129.5 4 11 3.1
129.5 5 11 3.1
129.5 5 11 3.1
129.5 5 12 3.1
129.5 5 12 3.1
129.5 5 12 3.1
129.5 2 10 3
129.5 2 10 3
129.5 2 10 3
129.5 2 10 3
129.5 2 10 3
129.5 2 10 3
129.5 3 10 3
129.5 4 10 3
129.5 4 10 3
129.5 4 10 3
129.5 4 10 3
129.5 4 11 3
129.5 3 11 3
129.5 3 11 3
129.5 3 11 3
129.5 3 11 3
129.5 3 11 3
129.5 3 11 3
129.5 3 11 3
129.5 3 11 3
129.5 3 10 3
129.5 4 10 3
129.5 5 9 3
129.5 5 8 3
129.5 5 8 3
129.5 5 8 3
129.5 5 8 3
129.5 5 8 3
129.5 5 9 3
129.5 4 10 3
129.5 3 10 3
129.5 2 10 3
129.5 2 10 3
129.5 2 10 3
129.5 2 11 3
129.5 2 8 3
129.5 2 9 3
129.5 2 10 3
129.5 2 10 3
129.5 2 10 3
129.5 2 10 3
129.5 3 10 3
129.5 4 11 3
129.5 4 11 3
129.5 4 10 3
129.5 5 10 3
129.5 5 10 3
129.5 5 11 3
129.5 5 11 3
129.5 5 11 3
129.5 2 10 3
129.5 2 10 3
129.5 2 10 3
129.5 2 10 3
129.5 2 10 3
129.5 2 10 3
129.5 3 10 3
129.5 4 10 3
129.5 4 10 3
129.5 4 10 3
129.5 4 10 3
129.5 4 11 3
129.5 3 11 3
129.5 3 11 3
129.5 3 11 3
129.5 3 11 3
129.5 3 11 3
129.5 3 11 3
129.5 3 11 3
129.5 3 11 3
129.5 3 10 3
129.5 4 10 3
129.5 5 9 3
129.5 5 8 3
129.5 5 8 3
129.5 5 8 3
129.5 5 8 3
129.5 5 8 3
129.5 5 9 3
129.5 4 10 3
129.5 3 10 3
129.5 2 10 3
129.5 2 10 3
129.5 2 10 3
129.5 2 11 3
129.5 2 8 3
129.5 2 9 3
129.5 2 10 3
129.5 2 10 3
129.5 2 10 3
129.5 2 10 3
129.5 3 10 3
129.5 4 11 3
129.5 4 11 3
129.5 4 10 3
129.5 5 10 3
129.5 5 10 3
129.5 5 11 3
129.5 5 11 3
129.5 5 11 3
129.5 2 9 3
129.5 2 9 3
129.5 2 9 3
129.5 2 9 3
129.5 2 9 3
129.5 2 9 3
129.5 2 9 3
129.5 2 9 3
129.5 2 9 3
129.5 2 9 3
129.5 2 9 3
129.5 2 10 3
129.5 2 10 3
129.5 2 10 3
129.5 2 10 3
129.5 2 10 3
129.5 2 10 3
129.5 2 10 3
129.5 2 10 3
129.5 2 10 3
129.5 2 9 3
129.5 2 9 3
129.5 2 8 3
129.5 3 7 3
129.5 3 7 3
129.5 4 7 3
129.5 4 7 3
129.5 5 7 3
129.5 5 8 3
129.5 4 9 3
129.5 3 9 3
129.5 3 9 3
129.5 3 9 3
129.5 3 9 3
129.5 3 9 3
129.5 3 7 3
129.5 3 8 3
129.5 2 9 3
129.5 2 9 3
129.5 2 9 3
129.5 2 9 3
129.5 2 9 3
129.5 3 10 3
129.5 3 10 3
129.5 4 9 3
129.5 4 9 3
129.5 5 9 3
129.5 5 10 3
129.5 5 10 3
129.5 5 10 3
129.5 2 8 3
129.5 2 8 3
129.5 2 8 3
129.5 2 8 3
129.5 2 8 3
129.5 2 8 3
129.5 2 8 3
129.5 2 8 3
129.5 2 8 3
129.5 2 8 3
129.5 2 8 3
129.5 2 9 3
129.5 2 9 3
129.5 2 9 3
129.5 2 9 3
129.5 2 9 3
129.5 2 9 3
129.5 2 9 3
129.5 2 9 3
129.5 2 9 3
129.5 2 8 3
129.5 2 8 3
129.5 2 7 3
129.5 2 6 3
129.5 3 6 3
129.5 4 6 3
129.5 4 6 3
129.5 5 6 3
129.5 5 7 3
129.5 4 8 3
129.5 3 8 3
129.5 3 8 3
129.5 3 8 3
129.5 3 8 3
129.5 3 8 3
129.5 3 6 3
129.5 3 7 3
129.5 2 8 3
129.5 2 8 3
129.5 2 8 3
129.5 2 8 3
129.5 2 8 3
129.5 3 9 3
129.5 3 9 3
129.5 4 8 3
129.5 4 8 3
129.5 5 8 3
129.5 5 9 3
129.5 5 9 3
129.5 5 9 3
129.5 2 7 3
129.5 2 7 3
129.5 2 7 3
129.5 2 7 3
129.5 2 7 3
129.5 2 7 3
129.5 2 7 3
129.5 2 7 3
129.5 2 7 3
129.5 2 7 3
129.5 2 7 3
129.5 2 8 3
129.5 2 8 3
129.5 2 8 3
129.5 2 8 3
129.5 2 8 3
129.5 2 8 3
129.5 2 8 3
129.5 2 8 3
129.5 2 8 3
129.5 2 7 3
129.5 2 7 3
129.5 2 6 3
129.5 2 5 3
129.5 3 5 3
129.5 4 5 3
129.5 4 5 3
129.5 5 5 3
129.5 5 6 3
129.5 4 7 3
129.5 3 7 3
129.5 3 7 3
129.5 3 7 3
129.5 3 7 3
129.5 3 7 3
129.5 3 5 3
129.5 3 6 3
129.5 2 7 3
129.5 2 7 3
129.5 2 7 3
129.5 2 7 3
129.5 2 7 3
129.5 3 8 3
129.5 3 8 3
129.5 4 7 3
129.5 4 7 3
129.5 5 7 3
129.5 5 8 3
129.5 5 8 3
129.5 5 8 3
129.5 2 6 3
129.5 2 6 3
129.5 2 6 3
129.5 2 6 3
129.5 2 6 3
129.5 2 6 3
129.5 2 6 3
129.5 2 6 3
129.5 2 6 3
129.5 2 6 3
129.5 2 6 3
129.5 2 7 3
129.5 2 7 3
129.5 2 7 3
129.5 2 7 3
129.5 2 7 3
129.5 2 7 3
129.5 2 7 3
129.5 2 7 3
129.5 2 7 3
129.5 2 6 3
129.5 2 6 3
129.5 2 5 3
129.5 2 5 3
129.5 2 5 3
129.5 2 5 3
129.5 2 5 3
129.5 3 5 3
129.5 4 6 3
129.5 4 6 3
129.5 3 6 3
129.5 3 6 3
129.5 3 6 3
129.5 3 6 3
129.5 3 6 3
129.5 3 6 3
129.5 3 6 3
129.5 3 7 3
129.5 3 7 3
129.5 2 7 3
129.5 2 7 3
129.5 3 7 3
129.5 3 7 3
129.5 3 7 3
129.5 4 7 3
129.5 4 7 3
129.5 4 7 3
129.5 4 7 3
129.5 4 7 3
129.5 4 7 3
129.5 2 5 3
129.5 2 5 3
129.5 2 5 3
129.5 2 5 3
129.5 2 5 3
129.5 2 5 3
129.5 2 5 3
129.5 2 5 3
129.5 2 5 3
129.5 2 5 3
129.5 2 5 3
129.5 2 6 3
129.5 2 6 3
129.5 2 6 3
129.5 2 6 3
129.5 2 6 3
129.5 2 6 3
129.5 2 6 3
129.5 2 6 3
129.5 2 6 3
129.5 2 5 3
129.5 2 5 3
129.5 2 5 3
129.5 2 5 3
129.5 2 5 3
129.5 2 5 3
129.5 2 5 3
129.5 2 5 3
129.5 3 5 3
129.5 3 5 3
129.5 3 5 3
129.5 3 5 3
129.5 3 5 3
129.5 3 5 3
129.5 3 5 3
129.5 3 5 3
129.5 3 5 3
129.5 3 6 3
129.5 3 6 3
129.5 2 6 3
129.5 2 6 3
129.5 3 6 3
129.5 3 6 3
129.5 3 6 3
129.5 4 6 3
129.5 4 6 3
129.5 4 6 3
129.5 4 6 3
129.5 4 6 3
129.5 4 6 3
129.5 2 4 3
129.5 2 4 3
129.5 2 4 3
129.5 2 4 3
129.5 2 4 3
129.5 2 4 3
129.5 2 4 3
129.5 2 4 3
129.5 2 4 3
129.5 2 4 3
129.5 2 4 3
129.5 2 5 3
129.5 2 5 3
129.5 2 5 3
129.5 2 5 3
129.5 2 5 3
129.5 2 5 3
129.5 2 5 3
129.5 2 5 3
129.5 2 5 3
129.5 2 4 3
129.5 2 4 3
129.5 2 4 3
129.5 2 4 3
129.5 2 4 3
129.5 2 4 3
129.5 2 4 3
129.5 2 4 3
129.5 3 4 3
129.5 3 4 3
129.5 3 4 3
129.5 3 4 3
129.5 3 4 3
129.5 3 4 3
129.5 3 4 3
129.5 3 4 3
129.5 3 4 3
129.5 3 5 3
129.5 3 5 3
129.5 3 5 3
129.5 3 5 3
129.5 3 5 3
129.5 3 5 3
129.5 3 5 3
129.5 4 5 3
129.5 4 5 3
129.5 4 5 3
129.5 4 5 3
129.5 4 5 3
129.5 4 5 3
129.5 2 3 3
129.5 2 3 3
129.5 2 3 3
129.5 2 3 3
129.5 2 3 3
129.5 2 3 3
129.5 2 3 3
129.5 2 3 3
129.5 2 3 3
129.5 2 3 3
129.5 2 3 3
129.5 2 4 3
129.5 2 4 3
129.5 2 4 3
129.5 2 4 3
129.5 2 4 3
129.5 2 4 3
129.5 2 4 3
129.5 2 4 3
129.5 2 4 3
129.5 2 3 3
129.5 2 3 3
129.5 2 3 3
129.5 2 3 3
129.5 2 3 3
129.5 2 3 3
129.5 2 3 3
129.5 2 3 3
129.5 3 3 3
129.5 3 3 3
129.5 3 3 3
129.5 3 3 3
129.5 3 3 3
129.5 3 3 3
129.5 3 3 3
129.5 3 3 3
129.5 3 3 3
129.5 3 4 3
129.5 3 4 3
129.5 3 4 3
129.5 3 4 3
129.5 3 4 3
129.5 3 4 3
129.5 3 4 3
129.5 4 4 3
129.5 4 4 3
129.5 4 4 3
129.5 4 4 3
129.5 4 4 3
129.5 4 4 3
129.5 2 2 3
129.5 2 2 3
129.5 2 2 3
129.5 2 2 3
129.5 2 2 3
129.5 2 2 3
129.5 2 2 3
129.5 2 2 3
129.5 2 2 3
129.5 2 2 3
129.5 2 2 3
129.5 2 3 3
129.5 2 3 3
129.5 2 3 3
129.5 2 3 3
129.5 2 3 3
129.5 2 3 3
129.5 2 3 3
129.5 2 3 3
129.5 2 3 3
129.5 2 2 3
129.5 2 2 3
129.5 2 2 3
129.5 2 2 3
129.5 2 2 3
129.5 2 2 3
129.5 2 2 3
129.5 2 2 3
129.5 3 2 3
129.5 3 2 3
129.5 3 2 3
129.5 3 2 3
129.5 3 2 3
129.5 3 2 3
129.5 3 2 3
129.5 3 2 3
129.5 3 2 3
129.5 3 3 3
129.5 3 3 3
129.5 3 3 3
129.5 3 3 3
129.5 3 3 3
129.5 3 3 3
129.5 3 3 3
129.5 4 3 3
129.5 4 3 3
129.5 4 3 3
129.5 4 3 3
129.5 4 3 3
129.5 4 3 3
129.5 2 0 2.9
129.5 2 0 2.9
129.5 2 0 2.9
129.5 2 0 2.9
129.5 2 0 2.9
129.5 2 0 2.9
129.5 2 0 2.9
129.5 2 0 2.9
129.5 2 0 2.9
129.5 2 0 2.9
129.5 2 0 2.9
129.5 2 1 2.9
129.5 2 1 2.9
129.5 2 1 2.9
129.5 2 1 2.9
129.5 2 1 2.9
129.5 2 1 2.9
129.5 2 1 2.9
129.5 2 1 2.9
129.5 2 1 2.9
129.5 2 0 2.9
129.5 2 0 2.9
129.5 2 0 2.9
129.5 2 0 2.9
129.5 2 0 2.9
129.5 2 0 2.9
129.5 2 0 2.9
129.5 2 0 2.9
129.5 2 0 2.9
129.5 2 0 2.9
129.5 2 0 2.9
129.5 2 0 2.9
129.5 2 0 2.9
129.5 2 0 2.9
129.5 3 0 2.9
129.5 3 0 2.9
129.5 3 0 2.9
129.5 3 1 2.9
129.5 3 1 2.9
129.5 3 2 2.9
129.5 3 1 2.9
129.5 3 1 2.9
129.5 3 1 2.9
129.5 3 1 2.9
129.5 4 1 2.9
129.5 4 1 2.9
129.5 4 1 2.9
129.5 4 1 2.9
129.5 4 1 2.9
129.5 4 1 2.9
129.5 2 0 2.9
129.5 2 0 2.9
129.5 2 0 2.9
129.5 2 0 2.9
129.5 2 0 2.9
129.5 2 0 2.9
129.5 2 0 2.9
129.5 2 0 2.9
129.5 2 0 2.9
129.5 2 0 2.9
129.5 2 0 2.9
129.5 2 0 2.9
129.5 2 0 2.9
129.5 2 0 2.9
129.5 2 0 2.9
129.5 2 0 2.9
129.5 2 0 2.9
129.5 2 0 2.9
129.5 2 0 2.9
129.5 2 0 2.9
129.5 2 0 2.9
129.5 2 0 2.9
129.5 2 0 2.9
129.5 2 0 2.9
129.5 2 0 2.9
129.5 2 0 2.9
129.5 2 0 2.9
129.5 2 0 2.9
129.5 2 0 2.9
129.5 2 0 2.9
129.5 2 0 2.9
129.5 2 0 2.9
129.5 2 0 2.9
129.5 2 0 2.9
129.5 3 0 2.9
129.5 3 0 2.9
129.5 3 0 2.9
129.5 3 0 2.9
129.5 3 0 2.9
129.5 3 0 2.9
129.5 3 0 2.9
129.5 3 0 2.9
129.5 3 0 2.9
129.5 3 0 2.9
129.5 4 0 2.9
129.5 4 0 2.9
129.5 4 0 2.9
129.5 4 0 2.9
129.5 4 0 2.9
129.5 4 0 2.9
129.5 2 0 2.9
129.5 2 0 2.9
129.5 2 0 2.9
129.5 2 0 2.9
129.5 2 0 2.9
129.5 2 0 2.9
129.5 2 0 2.9
129.5 2 0 2.9
129.5 2 0 2.9
129.5 2 0 2.9
129.5 2 0 2.9
129.5 2 0 2.9
129.5 2 0 2.9
129.5 2 0 2.9
129.5 2 0 2.9
129.5 2 0 2.9
129.5 2 0 2.9
129.5 2 0 2.9
129.5 2 0 2.9
129.5 2 0 2.9
129.5 2 0 2.9
129.5 2 0 2.9
129.5 2 0 2.9
129.5 2 0 2.9
129.5 2 0 2.9
129.5 2 0 2.9
129.5 2 0 2.9
129.5 2 0 2.9
129.5 2 0 2.9
129.5 2 0 2.9
129.5 2 0 2.9
129.5 2 0 2.9
129.5 2 0 2.9
129.5 2 0 2.9
129.5 3 0 2.9
129.5 3 0 2.9
129.5 3 0 2.9
129.5 3 0 2.9
129.5 3 0 2.9
129.5 3 0 2.9
129.5 3 0 2.9
129.5 3 0 2.9
129.5 3 0 2.9
129.5 3 0 2.9
129.5 4 0 2.9
129.5 4 0 2.9
129.5 4 0 2.9
129.5 4 0 2.9
129.5 4 0 2.9
129.5 4 0 2.9
129.5 2 0 2.9
129.5 2 0 2.9
129.5 2 0 2.9
129.5 2 0 2.9
129.5 2 0 2.9
129.5 2 0 2.9
129.5 2 0 2.9
129.5 2 0 2.9
129.5 2 0 2.9
129.5 2 0 2.9
129.5 2 0 2.9
129.5 2 0 2.9
129.5 2 0 2.9
129.5 2 0 2.9
129.5 2 0 2.9
129.5 2 0 2.9
129.5 2 0 2.9
129.5 2 0 2.9
129.5 2 0 2.9
129.5 2 0 2.9
129.5 2 0 2.9
129.5 2 0 2.9
129.5 2 0 2.9
129.5 2 0 2.9
129.5 2 0 2.9
129.5 2 0 2.9
129.5 2 0 2.9
129.5 2 0 2.9
129.5 2 0 2.9
129.5 2 0 2.9
129.5 2 0 2.9
129.5 2 0 2.9
129.5 2 0 2.9
129.5 2 0 2.9
129.5 3 0 2.9
129.5 3 0 2.9
129.5 3 0 2.9
129.5 3 0 2.9
129.5 3 0 2.9
129.5 3 0 2.9
129.5 3 0 2.9
129.5 3 0 2.9
129.5 3 0 2.9
129.5 3 0 2.9
129.5 4 0 2.9
129.5 4 0 2.9
129.5 4 0 2.9
129.5 4 0 2.9
129.5 4 0 2.9
129.5 4 0 2.9
129.5 2 0 2.9
129.5 2 0 2.9
129.5 2 0 2.9
129.5 2 0 2.9
129.5 2 0 2.9
129.5 2 0 2.9
129.5 2 0 2.9
129.5 2 0 2.9
129.5 2 0 2.9
129.5 2 0 2.9
129.5 2 0 2.9
129.5 2 0 2.9
129.5 2 0 2.9
129.5 2 0 2.9
129.5 2 0 2.9
129.5 2 0 2.9
129.5 2 0 2.9
129.5 2 0 2.9
129.5 2 0 2.9
129.5 2 0 2.9
129.5 2 0 2.9
129.5 2 0 2.9
129.5 2 0 2.9
129.5 2 0 2.9
129.5 2 0 2.9
129.5 2 0 2.9
129.5 2 0 2.9
129.5 2 0 2.9
129.5 2 0 2.9
129.5 2 0 2.9
129.5 2 0 2.9
129.5 2 0 2.9
129.5 2 0 2.9
129.5 2 0 2.9
129.5 3 0 2.9
129.5 3 0 2.9
129.5 3 0 2.9
129.5 3 0 2.9
129.5 3 0 2.9
129.5 3 0 2.9
129.5 3 0 2.9
129.5 3 0 2.9
129.5 3 0 2.9
129.5 3 0 2.9
129.5 4 0 2.9
129.5 4 0 2.9
129.5 4 0 2.9
129.5 4 0 2.9
129.5 4 0 2.9
129.5 4 0 2.9
129.5 2 0 2.9
129.5 2 0 2.9
129.5 2 0 2.9
129.5 2 0 2.9
129.5 2 0 2.9
129.5 2 0 2.9
129.5 2 0 2.9
129.5 2 0 2.9
129.5 2 0 2.9
129.5 2 0 2.9
129.5 2 0 2.9
129.5 2 0 2.9
129.5 2 0 2.9
129.5 2 0 2.9
129.5 2 0 2.9
129.5 2 0 2.9
129.5 2 0 2.9
129.5 2 0 2.9
129.5 2 0 2.9
129.5 2 0 2.9
129.5 2 0 2.9
129.5 2 0 2.9
129.5 2 0 2.9
129.5 2 0 2.9
129.5 2 0 2.9
129.5 2 0 2.9
129.5 2 0 2.9
129.5 2 0 2.9
129.5 2 0 2.9
129.5 2 0 2.9
129.5 2 0 2.9
129.5 2 0 2.9
129.5 2 0 2.9
129.5 2 0 2.9
129.5 2 0 2.9
129.5 2 0 2.9
129.5 2 0 2.9
129.5 2 0 2.9
129.5 3 0 2.9
129.5 3 0 2.9
129.5 3 0 2.9
129.5 3 0 2.9
129.5 3 0 2.9
129.5 3 0 2.9
129.5 4 0 2.9
129.5 4 0 2.9
129.5 4 0 2.9
129.5 4 0 2.9
129.5 4 0 2.9
129.5 4 0 2.9
129.5 2 0 2.9
129.5 2 0 2.9
129.5 2 0 2.9
129.5 2 0 2.9
129.5 2 0 2.9
129.5 2 0 2.9
129.5 2 0 2.9
129.5 2 0 2.9
129.5 2 0 2.9
129.5 2 0 2.9
129.5 2 0 2.9
129.5 2 0 2.9
129.5 2 0 2.9
129.5 2 0 2.9
129.5 2 0 2.9
129.5 2 0 2.9
129.5 2 0 2.9
129.5 2 0 2.9
129.5 2 0 2.9
129.5 2 0 2.9
129.5 2 0 2.9
129.5 2 0 2.9
129.5 2 0 2.9
129.5 2 0 2.9
129.5 2 0 2.9
129.5 2 0 2.9
129.5 2 0 2.9
129.5 2 0 2.9
129.5 2 0 2.9
129.5 2 0 2.9
129.5 2 0 2.9
129.5 2 0 2.9
129.5 2 0 2.9
129.5 2 0 2.9
129.5 2 0 2.9
129.5 2 0 2.9
129.5 2 0 2.9
129.5 2 0 2.9
129.5 2 0 2.9
129.5 3 0 2.9
129.5 3 0 2.9
129.5 3 0 2.9
129.5 3 0 2.9
129.5 3 0 2.9
129.5 4 0 2.9
129.5 4 0 2.9
129.5 4 0 2.9
129.5 4 0 2.9
129.5 4 0 2.9
129.5 4 0 2.9
129.5 2 0 2.9
129.5 2 0 2.9
129.5 2 0 2.9
129.5 2 0 2.9
129.5 2 0 2.9
129.5 2 0 2.9
129.5 2 0 2.9
129.5 2 0 2.9
129.5 2 0 2.9
129.5 2 0 2.9
129.5 2 0 2.9
129.5 2 0 2.9
129.5 2 0 2.9
129.5 2 0 2.9
129.5 2 0 2.9
129.5 2 0 2.9
129.5 2 0 2.9
129.5 2 0 2.9
129.5 2 0 2.9
129.5 2 0 2.9
129.5 2 0 2.9
129.5 2 0 2.9
129.5 2 0 2.9
129.5 2 0 2.9
129.5 2 0 2.9
129.5 2 0 2.9
129.5 2 0 2.9
129.5 2 0 2.9
129.5 2 0 2.9
129.5 2 0 2.9
129.5 2 0 2.9
129.5 2 0 2.9
129.5 2 0 2.9
129.5 2 0 2.9
129.5 2 0 2.9
129.5 2 0 2.9
129.5 2 0 2.9
129.5 2 0 2.9
129.5 2 0 2.9
129.5 2 0 2.9
129.5 2 0 2.9
129.5 2 0 2.9
129.5 3 0 2.9
129.5 3 0 2.9
129.5 4 0 2.9
129.5 4 0 2.9
129.5 4 0 2.9
129.5 4 0 2.9
129.5 4 0 2.9
129.5 4 0 2.9